seed,scenario,bucket_index,composition,variant,variant_display_label,gheft_gate,gheft_tolerance,gheft_comp_gate,gheft_drt_gate,gheft_irt_gate,ccr_data,idr_image,nccr_total,dheft_makespan,dheft_slr,dheft_vcpus,dheft_hosts,dheft_instances,dheft_image_dl_total,dheft_image_from_repo,dheft_image_from_host,nheft_makespan,nheft_slr,nheft_vcpus,nheft_hosts,nheft_instances,nheft_image_dl_total,nheft_image_from_repo,nheft_image_from_host,gheft_makespan,gheft_slr,gheft_vcpus,gheft_hosts,gheft_instances,gheft_image_dl_total,gheft_image_from_repo,gheft_image_from_host,time_sec,return_code,status,log_file
741896,e03z,3,z,baseline_plus_gheft,DHEFT/NHEFT/GHEFT,IRT-only,0.0,0,0,1,0.2313,0.1386,0.3699,44.0639,1.3529,61,14,312,154,41,113,43.414678590785904,1.333,63,12,333,187,125,62,50.3880674796748,1.5471,54,12,301,158,109,49,13.874802,0,ok,logs/seed_741896.log
430515,e03z,3,z,baseline_plus_gheft,DHEFT/NHEFT/GHEFT,IRT-only,0.0,0,0,1,0.2218,0.1487,0.3705,45.7801,1.1319,60,13,341,174,45,129,43.44834031327288,1.0743,56,12,331,180,141,39,43.82711178365707,1.0836,47,10,329,161,125,36,18.416301,0,ok,logs/seed_430515.log
888075,e03z,3,z,baseline_plus_gheft,DHEFT/NHEFT/GHEFT,IRT-only,0.0,0,0,1,0.2213,0.1274,0.3487,45.70150000000001,1.1742,67,16,353,202,50,152,50.82123259790402,1.3058,61,14,360,200,148,52,50.82123259790402,1.3058,51,12,338,192,151,41,18.821937,0,ok,logs/seed_888075.log
914983,e03z,3,z,baseline_plus_gheft,DHEFT/NHEFT/GHEFT,IRT-only,0.0,0,0,1,0.2511,0.1688,0.4199,42.843599999999995,1.1995,57,10,323,164,42,122,39.71225161290323,1.1119,61,15,324,188,137,51,49.95688333333334,1.3987,52,12,307,165,117,48,17.002879,0,ok,logs/seed_914983.log
997971,e03z,3,z,baseline_plus_gheft,DHEFT/NHEFT/GHEFT,IRT-only,0.0,0,0,1,0.2234,0.123,0.3464,42.1676,1.4208,63,13,344,171,53,118,43.21907835558679,1.4562,58,13,346,183,142,41,43.722332323722156,1.4732,50,11,337,168,127,41,22.09336,0,ok,logs/seed_997971.log
747642,e03z,3,z,baseline_plus_gheft,DHEFT/NHEFT/GHEFT,IRT-only,0.0,0,0,1,0.1969,0.1122,0.3091,46.459500000000006,1.0504,58,12,333,186,38,148,44.87118648648649,1.0145,56,12,327,181,136,45,48.32161026352289,1.0925,51,12,316,178,140,38,17.654496,0,ok,logs/seed_747642.log
664527,e03z,3,z,baseline_plus_gheft,DHEFT/NHEFT/GHEFT,IRT-only,0.0,0,0,1,0.2192,0.1691,0.3883,50.7153,1.2322,65,13,359,175,53,122,46.24514580896687,1.1236,55,13,341,166,132,34,60.85672851686823,1.4786,43,10,324,144,118,26,28.207443,0,ok,logs/seed_664527.log
760044,e03z,3,z,baseline_plus_gheft,DHEFT/NHEFT/GHEFT,IRT-only,0.0,0,0,1,0.1924,0.1209,0.3133,53.7999,1.0203,55,11,328,160,42,118,54.45829290882779,1.0328,52,13,329,172,124,48,55.30836350364964,1.0489,40,10,332,156,127,29,21.839136,0,ok,logs/seed_760044.log
215549,e03z,3,z,baseline_plus_gheft,DHEFT/NHEFT/GHEFT,IRT-only,0.0,0,0,1,0.2172,0.1507,0.3679,47.3899,1.3411,59,11,334,161,54,107,40.70486523297491,1.1519,56,13,332,166,128,38,46.54359411469534,1.3171,46,11,327,151,118,33,23.973077,0,ok,logs/seed_215549.log
370191,e03z,3,z,baseline_plus_gheft,DHEFT/NHEFT/GHEFT,IRT-only,0.0,0,0,1,0.2068,0.147,0.3538,45.54709999999999,1.2861,60,11,322,147,40,107,49.164211347517735,1.3883,63,14,341,167,119,48,49.48241560283689,1.3973,51,11,316,133,106,27,22.25172,0,ok,logs/seed_370191.log
296947,e03z,3,z,baseline_plus_gheft,DHEFT/NHEFT/GHEFT,IRT-only,0.0,0,0,1,0.1926,0.151,0.3436,55.28399999999999,1.2081,60,13,337,170,34,136,50.800757342657334,1.1102,59,12,350,188,125,63,51.013771328671325,1.1148,49,11,339,164,116,48,22.354924,0,ok,logs/seed_296947.log
963598,e03z,3,z,baseline_plus_gheft,DHEFT/NHEFT/GHEFT,IRT-only,0.0,0,0,1,0.2282,0.1524,0.3806,42.6363,1.1032,59,13,337,166,41,125,41.17475014005602,1.0654,64,13,347,186,129,57,46.9229644693474,1.2142,51,12,323,172,134,38,22.423793,0,ok,logs/seed_963598.log
388451,e03z,3,z,baseline_plus_gheft,DHEFT/NHEFT/GHEFT,IRT-only,0.0,0,0,1,0.2137,0.1369,0.3506,47.4724,1.2608,53,9,326,155,49,106,44.18283017391305,1.1734,56,11,330,170,126,44,51.030355524079326,1.3553,45,11,339,157,127,30,19.199024,0,ok,logs/seed_388451.log
602873,e03z,3,z,baseline_plus_gheft,DHEFT/NHEFT/GHEFT,IRT-only,0.0,0,0,1,0.2015,0.1319,0.3334,53.0571,1.0753,61,13,336,164,43,121,55.83843545108005,1.1317,57,11,340,167,120,47,56.29014021024967,1.1409,48,10,327,158,118,40,25.255095,0,ok,logs/seed_602873.log
122745,e03z,3,z,baseline_plus_gheft,DHEFT/NHEFT/GHEFT,IRT-only,0.0,0,0,1,0.2173,0.1247,0.342,43.58389999999999,1.2563,64,13,326,152,43,109,41.19490099999999,1.1874,62,12,339,153,98,55,41.16126018158236,1.1865,59,11,340,163,117,46,23.480767,0,ok,logs/seed_122745.log
484762,e03z,3,z,baseline_plus_gheft,DHEFT/NHEFT/GHEFT,IRT-only,0.0,0,0,1,0.2203,0.1587,0.379,43.924899999999994,1.2486,62,12,334,177,45,132,41.465502209420755,1.1786,56,12,325,175,131,44,44.82190341296928,1.274,42,10,306,148,121,27,18.531818,0,ok,logs/seed_484762.log
514215,e03z,3,z,baseline_plus_gheft,DHEFT/NHEFT/GHEFT,IRT-only,0.0,0,0,1,0.2342,0.1293,0.3635,45.84759999999999,1.1621,64,12,335,174,36,138,44.3927976714101,1.1253,59,13,322,182,134,48,51.85081515151515,1.3143,47,11,320,183,144,39,19.0238,0,ok,logs/seed_514215.log
601161,e03z,3,z,baseline_plus_gheft,DHEFT/NHEFT/GHEFT,IRT-only,0.0,0,0,1,0.1905,0.128,0.3185,57.937900000000006,1.2915,66,14,332,198,42,156,51.283380373831776,1.1432,64,14,334,186,135,51,53.76909292625557,1.1986,46,11,330,174,131,43,14.599864,0,ok,logs/seed_601161.log
78435,e03z,3,z,baseline_plus_gheft,DHEFT/NHEFT/GHEFT,IRT-only,0.0,0,0,1,0.1993,0.1204,0.3197,47.755500000000005,1.0896,58,13,319,182,42,140,47.30958606294156,1.0794,57,14,327,199,142,57,52.42938217054264,1.1963,51,13,324,187,144,43,20.467308,0,ok,logs/seed_78435.log
480957,e03z,3,z,baseline_plus_gheft,DHEFT/NHEFT/GHEFT,IRT-only,0.0,0,0,1,0.2225,0.1271,0.3496,39.6788,1.1291,59,12,332,183,49,134,39.84751812080537,1.1339,62,13,323,180,143,37,42.815679968701104,1.2184,40,11,316,150,119,31,18.246131,0,ok,logs/seed_480957.log
113260,e03z,3,z,baseline_plus_gheft,DHEFT/NHEFT/GHEFT,IRT-only,0.0,0,0,1,0.2427,0.1626,0.4053,46.862,1.0267,65,14,361,191,41,150,50.43092873563218,1.1048,61,14,358,192,122,70,65.8627363071711,1.4429,47,12,320,169,114,55,26.387326,0,ok,logs/seed_113260.log
846854,e03z,3,z,baseline_plus_gheft,DHEFT/NHEFT/GHEFT,IRT-only,0.0,0,0,1,0.2086,0.1345,0.3431,43.0772,1.2473,57,11,302,161,39,122,42.66457288968557,1.2353,56,13,324,171,125,46,43.36107831715209,1.2555,48,12,299,144,121,23,17.563601,0,ok,logs/seed_846854.log
422970,e03z,3,z,baseline_plus_gheft,DHEFT/NHEFT/GHEFT,IRT-only,0.0,0,0,1,0.2091,0.1604,0.3695,52.51299999999999,1.3481,59,11,318,166,49,117,44.25079471523178,1.136,57,13,325,145,108,37,48.42872020529802,1.2433,52,12,315,149,119,30,20.312432,0,ok,logs/seed_422970.log
762973,e03z,3,z,baseline_plus_gheft,DHEFT/NHEFT/GHEFT,IRT-only,0.0,0,0,1,0.2451,0.1187,0.3638,41.392700000000005,1.0055,56,10,329,158,43,115,41.392725301336576,1.0055,55,11,324,172,144,28,43.80003416149069,1.064,45,10,325,162,118,44,18.776714,0,ok,logs/seed_762973.log
303068,e03z,3,z,baseline_plus_gheft,DHEFT/NHEFT/GHEFT,IRT-only,0.0,0,0,1,0.2526,0.1842,0.4368,46.432,1.3141,59,12,344,159,48,111,39.29785714285713,1.1122,61,13,350,170,113,57,44.02465714285715,1.2459,44,11,336,156,110,46,24.722679,0,ok,logs/seed_303068.log
701483,e03z,3,z,baseline_plus_gheft,DHEFT/NHEFT/GHEFT,IRT-only,0.0,0,0,1,0.2615,0.1683,0.4298,44.8852,1.4453,59,12,314,187,54,133,36.00341892014857,1.1593,59,14,329,179,121,58,40.21263658310121,1.2949,47,13,311,168,140,28,14.173373,0,ok,logs/seed_701483.log
193272,e03z,3,z,baseline_plus_gheft,DHEFT/NHEFT/GHEFT,IRT-only,0.0,0,0,1,0.2225,0.1651,0.3876,48.848500000000016,1.0813,64,13,339,172,38,134,48.33853260530421,1.07,62,13,349,185,131,54,55.4364407854985,1.2271,49,12,340,170,138,32,24.339051,0,ok,logs/seed_193272.log
609026,e03z,3,z,baseline_plus_gheft,DHEFT/NHEFT/GHEFT,IRT-only,0.0,0,0,1,0.2061,0.1358,0.3419,48.781400000000005,1.3415,62,12,336,161,41,120,43.18957387475665,1.1877,62,12,359,191,154,37,43.59619015691868,1.1989,59,12,353,173,140,33,26.852927,0,ok,logs/seed_609026.log
385324,e03z,3,z,baseline_plus_gheft,DHEFT/NHEFT/GHEFT,IRT-only,0.0,0,0,1,0.2345,0.1735,0.408,40.662800000000004,1.2488,60,13,341,161,56,105,39.205577128547574,1.204,61,12,345,167,130,37,39.39950939373751,1.21,51,12,319,144,120,24,21.642114,0,ok,logs/seed_385324.log
586699,e03z,3,z,baseline_plus_gheft,DHEFT/NHEFT/GHEFT,IRT-only,0.0,0,0,1,0.214,0.1498,0.3638,43.6337,1.1197,56,12,305,161,39,122,46.65226184555984,1.1972,53,11,312,164,118,46,42.80685225225225,1.0985,49,10,303,155,117,38,17.462527,0,ok,logs/seed_586699.log
127154,e03z,3,z,baseline_plus_gheft,DHEFT/NHEFT/GHEFT,IRT-only,0.0,0,0,1,0.2497,0.1661,0.4158,41.73850000000001,1.4932,62,12,361,165,43,122,41.22163968253968,1.4747,70,13,389,206,148,58,40.01822857142858,1.4316,59,13,361,187,140,47,19.509753,0,ok,logs/seed_127154.log
140763,e03z,3,z,baseline_plus_gheft,DHEFT/NHEFT/GHEFT,IRT-only,0.0,0,0,1,0.2143,0.1372,0.3515,44.903,1.172,55,11,324,158,42,116,47.12770865533231,1.2301,50,10,323,169,134,35,47.8720821192053,1.2495,53,10,339,160,126,34,17.419373,0,ok,logs/seed_140763.log
162375,e03z,3,z,baseline_plus_gheft,DHEFT/NHEFT/GHEFT,IRT-only,0.0,0,0,1,0.2415,0.1713,0.4128,42.939499999999995,1.0619,55,10,323,145,37,108,44.09616341463415,1.0905,57,11,327,146,105,41,45.00239965156794,1.1129,57,11,313,156,120,36,16.577794,0,ok,logs/seed_162375.log
320372,e03z,3,z,baseline_plus_gheft,DHEFT/NHEFT/GHEFT,IRT-only,0.0,0,0,1,0.2455,0.1851,0.4306,48.170899999999975,1.2755,65,14,357,190,36,154,45.71568189244384,1.2105,71,15,337,200,135,65,49.8567708645337,1.3201,57,13,328,178,133,45,17.428939,0,ok,logs/seed_320372.log
911752,e03z,3,z,baseline_plus_gheft,DHEFT/NHEFT/GHEFT,IRT-only,0.0,0,0,1,0.2574,0.1543,0.4117,43.804100000000005,1.1044,57,11,321,160,57,103,44.69340995522388,1.1268,59,12,332,164,132,32,52.800353813196224,1.3312,43,11,320,159,142,17,20.784893,0,ok,logs/seed_911752.log
185527,e03z,3,z,baseline_plus_gheft,DHEFT/NHEFT/GHEFT,IRT-only,0.0,0,0,1,0.229,0.1378,0.3668,54.097100000000005,1.1135,59,12,327,164,42,122,51.615999513381986,1.0625,63,12,348,195,146,49,56.64702826908542,1.166,46,9,319,173,148,25,19.968463,0,ok,logs/seed_185527.log
766339,e03z,3,z,baseline_plus_gheft,DHEFT/NHEFT/GHEFT,IRT-only,0.0,0,0,1,0.2435,0.1564,0.3999,48.26959999999999,1.255,58,11,320,172,38,134,46.69768509703504,1.2141,54,11,312,171,122,49,47.335273045822106,1.2307,47,10,308,159,108,51,17.12456,0,ok,logs/seed_766339.log
911829,e03z,3,z,baseline_plus_gheft,DHEFT/NHEFT/GHEFT,IRT-only,0.0,0,0,1,0.2202,0.1424,0.3626,50.784800000000004,1.0049,52,11,319,140,39,101,51.626720385232744,1.0215,52,9,333,162,104,58,51.626720385232744,1.0215,49,11,331,158,105,53,22.547166,0,ok,logs/seed_911829.log
184906,e03z,3,z,baseline_plus_gheft,DHEFT/NHEFT/GHEFT,IRT-only,0.0,0,0,1,0.2347,0.1548,0.3895,45.930699999999995,1.0713,55,11,322,159,38,121,43.24092426614481,1.0086,58,12,331,168,141,27,48.35736132952109,1.1279,48,11,314,151,122,29,16.372487,0,ok,logs/seed_184906.log
189090,e03z,3,z,baseline_plus_gheft,DHEFT/NHEFT/GHEFT,IRT-only,0.0,0,0,1,0.235,0.1228,0.3578,42.7323,1.2022,56,12,328,161,44,117,38.88550695480226,1.094,59,12,308,160,122,38,38.28468518079096,1.0771,48,11,315,158,124,34,17.733378,0,ok,logs/seed_189090.log
355619,e03z,3,z,baseline_plus_gheft,DHEFT/NHEFT/GHEFT,IRT-only,0.0,0,0,1,0.1942,0.1403,0.3345,53.76839999999999,1.1665,66,16,344,200,39,161,55.90872247239263,1.2129,68,17,333,192,138,54,75.48304829097285,1.6376,47,13,325,175,145,30,15.7626,0,ok,logs/seed_355619.log
440123,e03z,3,z,baseline_plus_gheft,DHEFT/NHEFT/GHEFT,IRT-only,0.0,0,0,1,0.2072,0.154,0.3612,48.1602,1.0404,66,13,344,191,43,148,50.11266713226454,1.0825,59,13,330,189,128,61,59.29256434108529,1.2809,46,12,321,184,129,55,19.428556,0,ok,logs/seed_440123.log
65843,e03z,3,z,baseline_plus_gheft,DHEFT/NHEFT/GHEFT,IRT-only,0.0,0,0,1,0.2363,0.1281,0.3644,41.1423,1.1596,58,9,307,146,37,109,37.24575299890949,1.0498,58,10,315,154,116,38,38.14555727044711,1.0751,44,9,294,132,110,22,11.646655,0,ok,logs/seed_65843.log
356002,e03z,3,z,baseline_plus_gheft,DHEFT/NHEFT/GHEFT,IRT-only,0.0,0,0,1,0.2457,0.1359,0.3816,47.55120000000001,1.258,61,13,326,168,54,114,42.443082965299695,1.1229,56,12,340,175,143,32,41.38008296529968,1.0948,44,10,317,141,120,21,19.141932,0,ok,logs/seed_356002.log
546160,e03z,3,z,baseline_plus_gheft,DHEFT/NHEFT/GHEFT,IRT-only,0.0,0,0,1,0.2369,0.1408,0.3777,56.312899999999985,1.004,60,13,322,178,49,129,56.312940712945576,1.004,58,13,329,195,151,44,56.4763409937888,1.0069,48,12,310,183,147,36,18.981632,0,ok,logs/seed_546160.log
466702,e03z,3,z,baseline_plus_gheft,DHEFT/NHEFT/GHEFT,IRT-only,0.0,0,0,1,0.1884,0.102,0.2904,49.2057,1.38,57,12,331,187,40,147,45.31913493789688,1.271,54,11,326,185,145,40,46.19290602409639,1.2955,41,10,320,161,123,38,21.893733,0,ok,logs/seed_466702.log
108594,e03z,3,z,baseline_plus_gheft,DHEFT/NHEFT/GHEFT,IRT-only,0.0,0,0,1,0.2085,0.1338,0.3423,43.079699999999995,1.2482,59,12,324,176,48,128,38.68726866666666,1.121,59,14,330,182,132,50,45.77234292379471,1.3263,50,12,321,178,130,48,19.534111,0,ok,logs/seed_108594.log
302326,e03z,3,z,baseline_plus_gheft,DHEFT/NHEFT/GHEFT,IRT-only,0.0,0,0,1,0.2365,0.143,0.3795,47.1407,1.1642,56,11,330,180,38,142,41.283392017416546,1.0195,58,12,352,192,143,49,41.678292017416545,1.0293,47,11,340,171,130,41,18.603792,0,ok,logs/seed_302326.log
830943,e03z,3,z,baseline_plus_gheft,DHEFT/NHEFT/GHEFT,IRT-only,0.0,0,0,1,0.2394,0.1357,0.3751,43.393299999999996,1.2335,50,8,314,126,39,87,36.06012318125771,1.0251,62,13,324,141,101,40,38.66227003699137,1.0991,39,9,293,117,81,36,14.90994,0,ok,logs/seed_830943.log
774892,e03z,3,z,baseline_plus_gheft,DHEFT/NHEFT/GHEFT,IRT-only,0.0,0,0,1,0.2166,0.1186,0.3352,47.418,1.1785,68,11,356,172,51,121,42.56263333333333,1.0579,65,12,345,178,125,53,44.24034713686535,1.0996,56,12,355,178,146,32,22.020927,0,ok,logs/seed_774892.log
317399,e03z,3,z,baseline_plus_gheft,DHEFT/NHEFT/GHEFT,IRT-only,0.0,0,0,1,0.235,0.137,0.372,42.7424,1.19,58,13,326,189,54,135,40.88671965901728,1.1383,61,13,348,196,152,44,39.026821652421646,1.0865,47,11,336,183,149,34,20.62745,0,ok,logs/seed_317399.log
179499,e03z,3,z,baseline_plus_gheft,DHEFT/NHEFT/GHEFT,IRT-only,0.0,0,0,1,0.2275,0.1367,0.3642,49.9197,1.2611,67,14,337,192,48,144,45.29154615886134,1.1442,60,14,337,202,158,44,42.42849317429894,1.0719,51,13,341,173,130,43,16.034884,0,ok,logs/seed_179499.log
551935,e03z,3,z,baseline_plus_gheft,DHEFT/NHEFT/GHEFT,IRT-only,0.0,0,0,1,0.2482,0.1607,0.4089,52.7718,1.0422,59,12,329,154,47,107,53.31859279279279,1.053,52,9,324,163,132,31,59.91223712737127,1.1832,49,9,327,150,127,23,19.755118,0,ok,logs/seed_551935.log
751687,e03z,3,z,baseline_plus_gheft,DHEFT/NHEFT/GHEFT,IRT-only,0.0,0,0,1,0.2118,0.1089,0.3207,45.254300000000015,1.2908,59,12,307,178,44,134,41.044818644067796,1.1708,58,12,319,179,126,53,47.88105242203052,1.3658,45,11,307,163,122,41,18.072692,0,ok,logs/seed_751687.log
531148,e03z,3,z,baseline_plus_gheft,DHEFT/NHEFT/GHEFT,IRT-only,0.0,0,0,1,0.2172,0.127,0.3442,53.535599999999995,1.154,73,14,368,188,49,139,52.409972413793106,1.1297,68,14,362,199,138,61,52.30972018181817,1.1275,54,11,347,183,139,44,22.701021,0,ok,logs/seed_531148.log
594138,e03z,3,z,baseline_plus_gheft,DHEFT/NHEFT/GHEFT,IRT-only,0.0,0,0,1,0.2463,0.1509,0.3972,38.3904,1.1269,66,13,321,173,43,130,39.887465983534575,1.1709,53,10,315,153,115,38,36.3010128440367,1.0656,49,9,307,143,111,32,15.274747,0,ok,logs/seed_594138.log
702028,e03z,3,z,baseline_plus_gheft,DHEFT/NHEFT/GHEFT,IRT-only,0.0,0,0,1,0.2386,0.1357,0.3743,47.2387,1.2164,64,14,336,190,46,144,49.96666945606694,1.2867,62,14,339,193,157,36,46.40017929379054,1.1948,46,12,322,155,127,28,17.671318,0,ok,logs/seed_702028.log
492022,e03z,3,z,baseline_plus_gheft,DHEFT/NHEFT/GHEFT,IRT-only,0.0,0,0,1,0.2099,0.1299,0.3398,46.4407,1.2171,62,12,334,186,39,147,43.18029384404925,1.1317,59,12,341,184,127,57,52.14975789473684,1.3668,56,12,347,184,129,55,18.384709,0,ok,logs/seed_492022.log
231332,e03z,3,z,baseline_plus_gheft,DHEFT/NHEFT/GHEFT,IRT-only,0.0,0,0,1,0.2329,0.1457,0.3786,44.2435,1.2545,59,11,331,159,47,112,40.06541760722347,1.136,57,12,346,159,118,41,41.26861951851852,1.1702,53,13,334,157,115,42,20.00746,0,ok,logs/seed_231332.log
147537,e03z,3,z,baseline_plus_gheft,DHEFT/NHEFT/GHEFT,IRT-only,0.0,0,0,1,0.2447,0.1506,0.3953,49.12870000000001,1.0766,60,12,339,172,39,133,49.84098590971273,1.0922,65,14,343,180,140,40,49.84098590971273,1.0922,47,11,333,149,122,27,19.868493,0,ok,logs/seed_147537.log
109654,e03z,3,z,baseline_plus_gheft,DHEFT/NHEFT/GHEFT,IRT-only,0.0,0,0,1,0.2096,0.153,0.3626,52.8267,1.2937,64,15,339,181,54,127,48.104099782135066,1.1781,63,15,341,192,150,42,49.3101119460501,1.2076,43,12,336,163,136,27,21.825669,0,ok,logs/seed_109654.log
357820,e03z,3,z,baseline_plus_gheft,DHEFT/NHEFT/GHEFT,IRT-only,0.0,0,0,1,0.1925,0.135,0.3275,41.4804,1.4206,59,12,339,177,52,125,38.7655948547486,1.3276,59,13,351,169,144,25,34.50193564356436,1.1816,47,10,335,149,135,14,17.272384,0,ok,logs/seed_357820.log
813854,e03z,3,z,baseline_plus_gheft,DHEFT/NHEFT/GHEFT,IRT-only,0.0,0,0,1,0.2202,0.1371,0.3573,47.9821,1.1072,55,12,330,178,47,131,44.532410799438985,1.0276,54,13,331,173,133,40,45.199961185006046,1.043,46,10,322,162,130,32,19.273237,0,ok,logs/seed_813854.log
840701,e03z,3,z,baseline_plus_gheft,DHEFT/NHEFT/GHEFT,IRT-only,0.0,0,0,1,0.2148,0.1507,0.3655,52.48780000000001,1.206,58,12,348,165,58,107,52.10076853932585,1.1971,62,15,355,189,148,41,51.68828235294117,1.1877,50,11,360,168,137,31,22.728466,0,ok,logs/seed_840701.log
528112,e03z,3,z,baseline_plus_gheft,DHEFT/NHEFT/GHEFT,IRT-only,0.0,0,0,1,0.2479,0.1541,0.402,43.525099999999995,1.0378,57,10,318,149,57,92,44.25720670262794,1.0552,58,11,319,154,135,19,42.16462697095436,1.0053,49,9,321,152,124,28,17.652927,0,ok,logs/seed_528112.log
610245,e03z,3,z,baseline_plus_gheft,DHEFT/NHEFT/GHEFT,IRT-only,0.0,0,0,1,0.2422,0.1574,0.3996,42.8053,1.1702,59,13,335,167,42,125,38.31535547298494,1.0474,59,14,333,179,123,56,48.446342260442265,1.3244,58,13,328,177,132,45,18.115128,0,ok,logs/seed_610245.log
540631,e03z,3,z,baseline_plus_gheft,DHEFT/NHEFT/GHEFT,IRT-only,0.0,0,0,1,0.2265,0.1257,0.3522,45.4159,1.299,54,10,338,166,45,121,41.25200537956205,1.1799,57,11,351,186,131,55,47.271153131908626,1.3521,47,11,347,171,119,52,18.750161,0,ok,logs/seed_540631.log
670354,e03z,3,z,baseline_plus_gheft,DHEFT/NHEFT/GHEFT,IRT-only,0.0,0,0,1,0.2289,0.1353,0.3642,46.486599999999996,1.159,56,11,332,162,43,119,42.59742937062938,1.0621,58,12,341,171,128,43,45.21700260513644,1.1274,48,11,320,160,131,29,17.399426,0,ok,logs/seed_670354.log
416284,e03z,3,z,baseline_plus_gheft,DHEFT/NHEFT/GHEFT,IRT-only,0.0,0,0,1,0.2335,0.1608,0.3943,48.498900000000006,1.4181,66,13,334,176,51,125,46.25334123275146,1.3524,67,14,346,191,127,64,42.5780881091618,1.245,55,13,324,173,134,39,16.998909,0,ok,logs/seed_416284.log
853922,e03z,3,z,baseline_plus_gheft,DHEFT/NHEFT/GHEFT,IRT-only,0.0,0,0,1,0.2411,0.184,0.4251,43.224500000000006,1.0404,64,12,345,175,45,130,41.70078938428874,1.0037,60,11,334,173,133,40,41.927010058740265,1.0092,49,11,326,151,123,28,17.951711,0,ok,logs/seed_853922.log
703771,e03z,3,z,baseline_plus_gheft,DHEFT/NHEFT/GHEFT,IRT-only,0.0,0,0,1,0.236,0.1717,0.4077,40.9085,1.1193,58,12,322,158,37,121,38.873804610108316,1.0636,59,14,323,176,119,57,40.542317328519864,1.1092,48,11,312,161,121,40,18.056093,0,ok,logs/seed_703771.log
131782,e03z,3,z,baseline_plus_gheft,DHEFT/NHEFT/GHEFT,IRT-only,0.0,0,0,1,0.2321,0.1493,0.3814,40.574099999999994,1.2729,60,10,320,157,45,112,43.285271736375165,1.358,62,11,326,163,115,48,36.68121709632446,1.1508,50,10,317,158,117,41,18.458968,0,ok,logs/seed_131782.log
793335,e03z,3,z,baseline_plus_gheft,DHEFT/NHEFT/GHEFT,IRT-only,0.0,0,0,1,0.2369,0.1706,0.4075,46.1247,1.308,54,13,304,157,45,112,48.45626577181209,1.3741,61,13,319,165,123,42,40.42303740361027,1.1463,52,13,304,159,119,40,18.457434,0,ok,logs/seed_793335.log
829835,e03z,3,z,baseline_plus_gheft,DHEFT/NHEFT/GHEFT,IRT-only,0.0,0,0,1,0.2016,0.1237,0.3253,47.283100000000005,1.3173,60,11,316,154,53,101,44.22364475617903,1.2321,54,13,311,168,129,39,45.992402923976606,1.2813,47,11,309,160,132,28,21.196244,0,ok,logs/seed_829835.log
517538,e03z,3,z,baseline_plus_gheft,DHEFT/NHEFT/GHEFT,IRT-only,0.0,0,0,1,0.2408,0.133,0.3738,44.961499999999994,1.1236,60,11,340,170,40,130,43.87645798816568,1.0965,62,13,347,175,133,42,49.293536898395736,1.2319,54,14,331,176,145,31,21.418468,0,ok,logs/seed_517538.log
432977,e03z,3,z,baseline_plus_gheft,DHEFT/NHEFT/GHEFT,IRT-only,0.0,0,0,1,0.2291,0.1364,0.3655,48.344500000000004,1.0763,65,14,351,173,45,128,48.66941586475942,1.0836,65,14,354,191,144,47,48.9428755926251,1.0897,53,12,337,175,135,40,19.948425,0,ok,logs/seed_432977.log
202788,e03z,3,z,baseline_plus_gheft,DHEFT/NHEFT/GHEFT,IRT-only,0.0,0,0,1,0.2367,0.1455,0.3822,44.49210000000001,1.1346,60,11,317,154,42,112,40.97339894291755,1.0448,53,11,326,163,113,50,42.952180246913585,1.0953,46,10,317,164,117,47,20.417563,0,ok,logs/seed_202788.log
455331,e03z,3,z,baseline_plus_gheft,DHEFT/NHEFT/GHEFT,IRT-only,0.0,0,0,1,0.2415,0.1365,0.378,48.104,1.2576,67,15,334,203,50,153,43.13217798165137,1.1276,58,12,333,205,161,44,43.72606175972927,1.1432,52,11,327,188,155,33,16.512855,0,ok,logs/seed_455331.log
795054,e03z,3,z,baseline_plus_gheft,DHEFT/NHEFT/GHEFT,IRT-only,0.0,0,0,1,0.2404,0.1426,0.383,44.22540000000001,1.3522,50,11,296,141,40,101,41.13204285714286,1.2576,51,11,310,159,117,42,44.04861707317073,1.3468,40,9,298,151,114,37,14.820922,0,ok,logs/seed_795054.log
612732,e03z,3,z,baseline_plus_gheft,DHEFT/NHEFT/GHEFT,IRT-only,0.0,0,0,1,0.232,0.1234,0.3554,39.6439,1.2558,59,13,325,165,49,116,36.391982430219144,1.1527,59,13,332,159,111,48,38.594295969773306,1.2225,48,12,310,141,108,33,18.073091,0,ok,logs/seed_612732.log
753523,e03z,3,z,baseline_plus_gheft,DHEFT/NHEFT/GHEFT,IRT-only,0.0,0,0,1,0.2187,0.1388,0.3575,48.168600000000005,1.2328,56,11,313,161,34,127,43.85960201522842,1.1225,53,12,313,149,112,37,53.813815902964954,1.3772,46,10,309,154,128,26,16.943138,0,ok,logs/seed_753523.log
239744,e03z,3,z,baseline_plus_gheft,DHEFT/NHEFT/GHEFT,IRT-only,0.0,0,0,1,0.2258,0.1495,0.3753,47.67259999999998,1.1076,58,12,323,154,47,107,44.91587214261885,1.0436,57,12,342,173,134,39,62.65401896813354,1.4557,50,12,343,178,144,34,19.743723,0,ok,logs/seed_239744.log
838648,e03z,3,z,baseline_plus_gheft,DHEFT/NHEFT/GHEFT,IRT-only,0.0,0,0,1,0.2378,0.143,0.3808,45.47460000000001,1.0825,59,12,335,170,46,124,45.709078366305036,1.0881,58,14,341,181,143,38,44.86590760869565,1.068,48,12,318,166,138,28,18.984299,0,ok,logs/seed_838648.log
115403,e03z,3,z,baseline_plus_gheft,DHEFT/NHEFT/GHEFT,IRT-only,0.0,0,0,1,0.2016,0.1191,0.3207,51.4895,1.2197,56,13,316,169,37,132,46.724924813036026,1.1068,57,14,325,173,125,48,45.50099380530973,1.0778,43,11,310,154,111,43,17.175573,0,ok,logs/seed_115403.log
712189,e03z,3,z,baseline_plus_gheft,DHEFT/NHEFT/GHEFT,IRT-only,0.0,0,0,1,0.2453,0.1724,0.4177,46.4319,1.3804,54,12,325,180,34,146,47.97895882352941,1.4264,58,13,337,182,127,55,51.90014348606812,1.543,47,12,333,184,138,46,15.706681,0,ok,logs/seed_712189.log
873143,e03z,3,z,baseline_plus_gheft,DHEFT/NHEFT/GHEFT,IRT-only,0.0,0,0,1,0.2163,0.1208,0.3371,43.32239999999999,1.5106,63,13,336,178,48,130,40.05661951219511,1.3967,62,14,336,174,134,40,39.81097975134718,1.3881,45,11,319,152,120,32,16.849953,0,ok,logs/seed_873143.log
877233,e03z,3,z,baseline_plus_gheft,DHEFT/NHEFT/GHEFT,IRT-only,0.0,0,0,1,0.2131,0.1151,0.3282,43.76610000000001,1.1951,53,12,314,156,46,110,41.85498091603052,1.1429,56,13,324,163,112,51,41.711579260869556,1.139,46,13,311,151,117,34,21.239979,0,ok,logs/seed_877233.log
663658,e03z,3,z,baseline_plus_gheft,DHEFT/NHEFT/GHEFT,IRT-only,0.0,0,0,1,0.241,0.1782,0.4192,51.191100000000006,1.3295,64,14,332,180,40,140,48.91573342776205,1.2704,59,12,335,183,138,45,51.61500118694362,1.3405,52,11,331,179,137,42,16.05185,0,ok,logs/seed_663658.log
656054,e03z,3,z,baseline_plus_gheft,DHEFT/NHEFT/GHEFT,IRT-only,0.0,0,0,1,0.2167,0.1015,0.3182,47.75999999999999,1.3556,56,11,344,159,48,111,42.13494893877551,1.196,59,12,352,167,126,41,38.34843186813187,1.0885,48,11,348,146,115,31,22.105208,0,ok,logs/seed_656054.log
464471,e03z,3,z,baseline_plus_gheft,DHEFT/NHEFT/GHEFT,IRT-only,0.0,0,0,1,0.2271,0.1583,0.3854,41.5312,1.1531,65,12,331,156,48,108,40.401294059405934,1.1217,64,12,323,160,128,32,40.401294059405934,1.1217,47,10,308,136,111,25,18.781584,0,ok,logs/seed_464471.log
586510,e03z,3,z,baseline_plus_gheft,DHEFT/NHEFT/GHEFT,IRT-only,0.0,0,0,1,0.2236,0.1574,0.381,41.351499999999994,1.2762,57,11,332,148,40,108,37.65676617150397,1.1622,62,13,337,159,119,40,41.10409478827361,1.2686,51,11,319,130,100,30,18.864059,0,ok,logs/seed_586510.log
50264,e03z,3,z,baseline_plus_gheft,DHEFT/NHEFT/GHEFT,IRT-only,0.0,0,0,1,0.2244,0.146,0.3704,43.166000000000004,1.1876,60,11,319,156,45,111,45.28268743169398,1.2458,62,12,323,169,125,44,41.253498630136995,1.135,55,11,319,168,127,41,17.169747,0,ok,logs/seed_50264.log
719048,e03z,3,z,baseline_plus_gheft,DHEFT/NHEFT/GHEFT,IRT-only,0.0,0,0,1,0.2412,0.1766,0.4178,42.701400000000014,1.1521,69,17,360,197,42,155,43.38513290734824,1.1705,59,13,358,191,138,53,46.66220026924403,1.2589,56,12,343,166,126,40,21.05138,0,ok,logs/seed_719048.log
677021,e03z,3,z,baseline_plus_gheft,DHEFT/NHEFT/GHEFT,IRT-only,0.0,0,0,1,0.2214,0.1563,0.3777,38.8982,1.0644,65,13,342,174,51,123,36.77487399829497,1.0063,63,13,342,172,133,39,38.11116791251885,1.0428,58,12,330,170,136,34,17.659683,0,ok,logs/seed_677021.log
861718,e03z,3,z,baseline_plus_gheft,DHEFT/NHEFT/GHEFT,IRT-only,0.0,0,0,1,0.2516,0.1636,0.4152,44.729199999999985,1.5096,62,12,324,172,33,139,38.67776382036775,1.3054,73,14,336,182,130,52,40.440217144271564,1.3648,57,13,321,178,121,57,20.204225,0,ok,logs/seed_861718.log
495401,e03z,3,z,baseline_plus_gheft,DHEFT/NHEFT/GHEFT,IRT-only,0.0,0,0,1,0.2268,0.1215,0.3483,44.357499999999995,1.2839,63,12,334,169,50,119,40.056385512367484,1.1595,60,12,351,189,145,44,40.11200421836228,1.1611,53,12,323,154,119,35,23.275555,0,ok,logs/seed_495401.log
209510,e03z,3,z,baseline_plus_gheft,DHEFT/NHEFT/GHEFT,IRT-only,0.0,0,0,1,0.2271,0.1389,0.366,47.563100000000006,1.1109,53,9,313,145,48,97,46.836930646273494,1.0939,52,11,321,156,120,36,53.39203708759955,1.247,42,8,312,130,106,24,17.611619,0,ok,logs/seed_209510.log
743312,e03z,3,z,baseline_plus_gheft,DHEFT/NHEFT/GHEFT,IRT-only,0.0,0,0,1,0.2381,0.1712,0.4093,43.8295,1.41,56,11,299,152,40,112,42.11552104773269,1.3548,59,11,313,175,127,48,38.395901362862006,1.2352,48,12,300,156,112,44,17.550798,0,ok,logs/seed_743312.log
212694,e03z,3,z,baseline_plus_gheft,DHEFT/NHEFT/GHEFT,IRT-only,0.0,0,0,1,0.2149,0.152,0.3669,48.745,1.6215,64,13,344,175,42,133,44.61686614785992,1.4842,64,14,329,192,145,47,46.27046153846154,1.5392,46,13,321,170,127,43,19.848842,0,ok,logs/seed_212694.log
224701,e03z,3,z,baseline_plus_gheft,DHEFT/NHEFT/GHEFT,IRT-only,0.0,0,0,1,0.2213,0.134,0.3553,49.409099999999995,1.1353,54,12,307,163,37,126,48.24428367346938,1.1085,56,12,307,159,117,42,53.53449737609329,1.23,38,8,312,144,105,39,16.842776,0,ok,logs/seed_224701.log
861434,e03z,3,z,baseline_plus_gheft,DHEFT/NHEFT/GHEFT,IRT-only,0.0,0,0,1,0.2334,0.1513,0.3847,46.0684,1.282,55,12,317,164,52,112,43.998740849624056,1.2244,62,13,332,191,141,50,45.352236902485664,1.2621,45,11,320,175,146,29,21.012873,0,ok,logs/seed_861434.log
844102,e03z,3,z,baseline_plus_gheft,DHEFT/NHEFT/GHEFT,IRT-only,0.0,0,0,1,0.2074,0.1336,0.341,49.0255,1.1125,61,11,319,167,46,121,47.13438632619438,1.0695,67,14,331,185,140,45,49.98828374384235,1.1343,50,11,312,164,130,34,18.538637,0,ok,logs/seed_844102.log
722064,e03z,3,z,baseline_plus_gheft,DHEFT/NHEFT/GHEFT,IRT-only,0.0,0,0,1,0.2121,0.1361,0.3482,42.692099999999996,1.2938,64,12,307,157,43,114,36.84121386138614,1.1165,52,12,316,158,111,47,40.4393353925354,1.2256,47,9,306,163,131,32,19.292277,0,ok,logs/seed_722064.log
549862,e03z,3,z,baseline_plus_gheft,DHEFT/NHEFT/GHEFT,IRT-only,0.0,0,0,1,0.2488,0.1384,0.3872,41.99979999999999,1.1567,57,13,316,175,50,125,38.74846717179215,1.0671,60,12,329,176,136,40,38.69889812778317,1.0658,44,12,321,177,137,40,17.798799,0,ok,logs/seed_549862.log
2010,e03z,3,z,baseline_plus_gheft,DHEFT/NHEFT/GHEFT,IRT-only,0.0,0,0,1,0.2383,0.1246,0.3629,44.9323,1.0734,57,14,330,188,39,149,45.0455695652174,1.0761,54,15,339,177,126,51,43.24306956521739,1.033,46,12,331,176,132,44,20.090553,0,ok,logs/seed_2010.log
796027,e03z,3,z,baseline_plus_gheft,DHEFT/NHEFT/GHEFT,IRT-only,0.0,0,0,1,0.2221,0.1179,0.34,48.3939,1.3023,54,12,296,168,46,122,50.857669036621374,1.3686,57,14,302,168,131,37,54.27562273656231,1.4606,38,10,293,153,123,30,17.275851,0,ok,logs/seed_796027.log
401997,e03z,3,z,baseline_plus_gheft,DHEFT/NHEFT/GHEFT,IRT-only,0.0,0,0,1,0.1971,0.1267,0.3238,49.48889999999999,1.2947,59,14,305,166,42,124,46.317119799368086,1.2117,59,13,317,170,115,55,45.93218892733564,1.2016,43,10,315,146,118,28,19.895023,0,ok,logs/seed_401997.log
35721,e03z,3,z,baseline_plus_gheft,DHEFT/NHEFT/GHEFT,IRT-only,0.0,0,0,1,0.264,0.1376,0.4016,40.244699999999995,1.1243,62,12,317,166,38,128,37.752748073959935,1.0547,64,13,324,162,101,61,44.531435746606334,1.2441,52,12,315,167,127,40,19.164257,0,ok,logs/seed_35721.log
724068,e03z,3,z,baseline_plus_gheft,DHEFT/NHEFT/GHEFT,IRT-only,0.0,0,0,1,0.2297,0.1528,0.3825,43.871500000000005,1.0958,62,12,358,174,46,128,44.087995890410966,1.1012,65,12,372,200,150,50,46.53485417661097,1.1623,55,10,353,172,129,43,22.455618,0,ok,logs/seed_724068.log
800182,e03z,3,z,baseline_plus_gheft,DHEFT/NHEFT/GHEFT,IRT-only,0.0,0,0,1,0.2034,0.1406,0.344,50.146800000000006,1.3164,57,12,312,173,34,139,44.010266343042076,1.1553,62,12,330,173,122,51,54.62252750809062,1.4339,54,11,318,165,120,45,19.876475,0,ok,logs/seed_800182.log
937614,e03z,3,z,baseline_plus_gheft,DHEFT/NHEFT/GHEFT,IRT-only,0.0,0,0,1,0.2007,0.1481,0.3488,49.9721,1.3166,63,16,313,191,42,149,41.01278365107213,1.0805,52,13,321,176,130,46,45.35065294117647,1.1948,40,11,305,163,126,37,17.815253,0,ok,logs/seed_937614.log
722394,e03z,3,z,baseline_plus_gheft,DHEFT/NHEFT/GHEFT,IRT-only,0.0,0,0,1,0.2135,0.1717,0.3852,54.318900000000006,1.4311,58,12,321,175,47,128,47.65692185857396,1.2556,62,14,343,194,150,44,53.21750894941634,1.4021,53,13,320,192,150,42,16.987071,0,ok,logs/seed_722394.log
509760,e03z,3,z,baseline_plus_gheft,DHEFT/NHEFT/GHEFT,IRT-only,0.0,0,0,1,0.2236,0.1365,0.3601,49.37350000000001,1.163,55,11,338,168,44,124,52.74308679532163,1.2424,66,14,347,179,128,51,52.7348280353201,1.2422,51,12,333,165,135,30,21.382457,0,ok,logs/seed_509760.log
70327,e03z,3,z,baseline_plus_gheft,DHEFT/NHEFT/GHEFT,IRT-only,0.0,0,0,1,0.2134,0.1252,0.3386,53.816,1.2196,57,11,312,151,43,108,50.845993296089375,1.1523,63,12,325,160,123,37,54.80919329608938,1.2421,48,10,316,150,116,34,18.086698,0,ok,logs/seed_70327.log
750147,e03z,3,z,baseline_plus_gheft,DHEFT/NHEFT/GHEFT,IRT-only,0.0,0,0,1,0.2751,0.1656,0.4407,46.434799999999996,1.1065,55,11,332,152,46,106,45.941846900094255,1.0947,55,9,328,150,111,39,46.90458397737983,1.1177,45,8,307,156,134,22,17.704232,0,ok,logs/seed_750147.log
460446,e03z,3,z,baseline_plus_gheft,DHEFT/NHEFT/GHEFT,IRT-only,0.0,0,0,1,0.2352,0.1614,0.3966,56.07880000000001,1.0906,60,15,335,192,42,150,55.12354645669291,1.072,55,13,342,188,153,35,55.030238500635335,1.0702,45,11,337,186,146,40,17.074998,0,ok,logs/seed_460446.log
748846,e03z,3,z,baseline_plus_gheft,DHEFT/NHEFT/GHEFT,IRT-only,0.0,0,0,1,0.215,0.1551,0.3701,46.936900000000016,1.4923,60,12,329,171,40,131,44.64080099999999,1.4193,60,14,327,187,125,62,46.35244538498212,1.4738,41,9,312,161,122,39,18.4419,0,ok,logs/seed_748846.log
610796,e03z,3,z,baseline_plus_gheft,DHEFT/NHEFT/GHEFT,IRT-only,0.0,0,0,1,0.2188,0.1493,0.3681,54.4368,1.1354,61,13,333,159,36,123,52.19764663536776,1.0887,55,13,336,158,102,56,52.656528951486685,1.0982,49,11,341,163,118,45,22.740646,0,ok,logs/seed_610796.log
372755,e03z,3,z,baseline_plus_gheft,DHEFT/NHEFT/GHEFT,IRT-only,0.0,0,0,1,0.2435,0.1521,0.3956,47.5388,1.4589,57,13,310,169,49,120,38.1878855500821,1.1719,62,13,330,172,122,50,46.730501,1.4341,47,12,308,170,129,41,18.683815,0,ok,logs/seed_372755.log
324404,e03z,3,z,baseline_plus_gheft,DHEFT/NHEFT/GHEFT,IRT-only,0.0,0,0,1,0.2245,0.1266,0.3511,46.758199999999995,1.5272,59,13,302,162,49,113,38.076750241777304,1.2437,57,11,303,168,125,43,46.05263271162124,1.5042,46,10,302,158,127,31,18.811705,0,ok,logs/seed_324404.log
138451,e03z,3,z,baseline_plus_gheft,DHEFT/NHEFT/GHEFT,IRT-only,0.0,0,0,1,0.2276,0.1582,0.3858,52.49460000000001,1.1436,54,14,309,178,41,137,55.25250991719746,1.2037,55,12,316,166,127,39,73.65342484076433,1.6046,49,13,304,174,146,28,18.462249,0,ok,logs/seed_138451.log
117059,e03z,3,z,baseline_plus_gheft,DHEFT/NHEFT/GHEFT,IRT-only,0.0,0,0,1,0.2323,0.1531,0.3854,44.47589999999999,1.3012,60,13,322,160,40,120,41.91776211111111,1.2264,59,15,322,175,127,48,42.3981412517781,1.2404,47,12,303,149,117,32,18.513271,0,ok,logs/seed_117059.log
976782,e03z,3,z,baseline_plus_gheft,DHEFT/NHEFT/GHEFT,IRT-only,0.0,0,0,1,0.2182,0.1363,0.3545,52.680499999999995,1.1714,61,14,329,180,46,134,46.92750884313726,1.0435,66,14,339,180,135,45,53.32710396600565,1.1858,46,10,313,158,130,28,16.511159,0,ok,logs/seed_976782.log
574644,e03z,3,z,baseline_plus_gheft,DHEFT/NHEFT/GHEFT,IRT-only,0.0,0,0,1,0.251,0.1666,0.4176,54.02890000000001,1.0728,56,14,320,185,46,139,57.2975799837266,1.1377,58,13,324,202,153,49,57.2975799837266,1.1377,50,13,315,183,147,36,17.242787,0,ok,logs/seed_574644.log
435308,e03z,3,z,baseline_plus_gheft,DHEFT/NHEFT/GHEFT,IRT-only,0.0,0,0,1,0.2473,0.136,0.3833,48.21680000000001,1.1084,61,11,327,167,39,128,46.30571644562333,1.0645,63,14,324,178,128,50,47.58051644562333,1.0938,44,10,307,157,114,43,16.981862,0,ok,logs/seed_435308.log
635612,e03z,3,z,baseline_plus_gheft,DHEFT/NHEFT/GHEFT,IRT-only,0.0,0,0,1,0.2156,0.1295,0.3451,46.9745,1.0776,57,13,330,172,47,125,46.56226918238995,1.0682,58,12,335,169,131,38,49.982726796589525,1.1467,53,12,319,164,139,25,21.13048,0,ok,logs/seed_635612.log
289817,e03z,3,z,baseline_plus_gheft,DHEFT/NHEFT/GHEFT,IRT-only,0.0,0,0,1,0.2119,0.1297,0.3416,48.7087,1.4073,56,12,326,160,47,113,42.59092939481267,1.2305,56,12,323,171,123,48,44.266961325966854,1.279,46,11,310,148,124,24,16.894223,0,ok,logs/seed_289817.log
639065,e03z,3,z,baseline_plus_gheft,DHEFT/NHEFT/GHEFT,IRT-only,0.0,0,0,1,0.2577,0.1613,0.419,46.7483,1.1436,59,10,339,155,46,109,50.450241358008064,1.2342,59,14,342,183,144,39,51.577834453781506,1.2618,47,12,325,161,124,37,24.595897,0,ok,logs/seed_639065.log
650943,e03z,3,z,baseline_plus_gheft,DHEFT/NHEFT/GHEFT,IRT-only,0.0,0,0,1,0.2274,0.1198,0.3472,43.519999999999996,1.1133,58,12,335,156,52,104,40.546733813892516,1.0372,55,12,350,178,134,44,42.66111598951506,1.0913,44,10,326,153,122,31,26.405034,0,ok,logs/seed_650943.log
110055,e03z,3,z,baseline_plus_gheft,DHEFT/NHEFT/GHEFT,IRT-only,0.0,0,0,1,0.1961,0.1142,0.3103,47.967999999999996,1.2315,59,13,348,185,49,136,45.443510295570086,1.1667,58,14,348,177,129,48,45.4174806818182,1.166,47,12,349,158,113,45,21.009218,0,ok,logs/seed_110055.log
117791,e03z,3,z,baseline_plus_gheft,DHEFT/NHEFT/GHEFT,IRT-only,0.0,0,0,1,0.2441,0.1433,0.3874,46.036199999999994,1.2264,61,12,320,177,45,132,46.351469327420546,1.2348,58,10,327,157,109,48,43.38326932742054,1.1557,49,10,327,169,132,37,21.152007,0,ok,logs/seed_117791.log
124685,e03z,3,z,baseline_plus_gheft,DHEFT/NHEFT/GHEFT,IRT-only,0.0,0,0,1,0.2158,0.1297,0.3455,48.334999999999994,1.2309,66,12,339,165,37,128,45.09528872403561,1.1484,73,16,348,188,124,64,51.47156833046473,1.3108,48,13,316,159,118,41,20.877477,0,ok,logs/seed_124685.log
997328,e03z,3,z,baseline_plus_gheft,DHEFT/NHEFT/GHEFT,IRT-only,0.0,0,0,1,0.2092,0.1337,0.3429,43.48219999999999,1.252,64,12,348,164,38,126,41.86814960194175,1.2055,55,9,339,166,122,44,47.46615048543689,1.3667,51,11,345,176,122,54,20.810936,0,ok,logs/seed_997328.log
655714,e03z,3,z,baseline_plus_gheft,DHEFT/NHEFT/GHEFT,IRT-only,0.0,0,0,1,0.2405,0.1587,0.3992,47.6485,1.3459,59,11,323,173,40,133,46.57053057996485,1.3155,51,10,338,178,130,48,52.36442755585646,1.4791,38,9,322,141,104,37,19.671366,0,ok,logs/seed_655714.log
512136,e03z,3,z,baseline_plus_gheft,DHEFT/NHEFT/GHEFT,IRT-only,0.0,0,0,1,0.2292,0.1272,0.3564,48.9161,1.2434,58,14,329,167,43,124,48.318313098236786,1.2282,65,15,314,175,120,55,44.96570267916957,1.143,53,14,316,155,120,35,16.018042,0,ok,logs/seed_512136.log
695034,e03z,3,z,baseline_plus_gheft,DHEFT/NHEFT/GHEFT,IRT-only,0.0,0,0,1,0.2216,0.141,0.3626,49.37939999999999,1.1643,60,10,340,163,53,110,45.08043302411874,1.063,57,12,318,160,135,25,46.876352467289735,1.1053,49,10,313,169,147,22,19.318721,0,ok,logs/seed_695034.log
539246,e03z,3,z,baseline_plus_gheft,DHEFT/NHEFT/GHEFT,IRT-only,0.0,0,0,1,0.201,0.1478,0.3488,51.8463,1.45,54,12,298,147,35,112,48.005871902394105,1.3426,54,12,305,161,99,62,47.78143591160221,1.3363,39,9,297,138,94,44,16.952131,0,ok,logs/seed_539246.log
354388,e03z,3,z,baseline_plus_gheft,DHEFT/NHEFT/GHEFT,IRT-only,0.0,0,0,1,0.2342,0.137,0.3712,46.7698,1.1929,60,14,335,182,48,134,41.877038587657786,1.0681,57,14,354,197,150,47,44.42050469541779,1.1329,52,13,340,192,145,47,20.689694,0,ok,logs/seed_354388.log
282392,e03z,3,z,baseline_plus_gheft,DHEFT/NHEFT/GHEFT,IRT-only,0.0,0,0,1,0.2189,0.1608,0.3797,42.106700000000004,1.1817,69,14,353,186,44,142,39.810647639484976,1.1173,58,12,335,182,122,60,43.23224088050314,1.2133,53,12,338,168,125,43,22.721539,0,ok,logs/seed_282392.log
465345,e03z,3,z,baseline_plus_gheft,DHEFT/NHEFT/GHEFT,IRT-only,0.0,0,0,1,0.2383,0.1659,0.4042,43.100599999999986,1.2135,68,12,331,161,40,121,42.22130249520154,1.1888,60,11,336,184,132,52,42.05594469914041,1.1841,53,11,324,171,131,40,18.306625,0,ok,logs/seed_465345.log
276209,e03z,3,z,baseline_plus_gheft,DHEFT/NHEFT/GHEFT,IRT-only,0.0,0,0,1,0.2183,0.1188,0.3371,43.85189999999999,1.1178,61,12,315,166,46,120,47.50732664841498,1.2109,51,13,311,153,124,29,58.79604958364874,1.4987,45,12,291,145,111,34,17.562793,0,ok,logs/seed_276209.log
48268,e03z,3,z,baseline_plus_gheft,DHEFT/NHEFT/GHEFT,IRT-only,0.0,0,0,1,0.235,0.1551,0.3901,48.65530000000002,1.1888,53,13,322,178,32,146,45.22635212878113,1.105,65,16,334,201,131,70,49.39585084745763,1.2069,57,14,334,198,133,65,22.58161,0,ok,logs/seed_48268.log
312904,e03z,3,z,baseline_plus_gheft,DHEFT/NHEFT/GHEFT,IRT-only,0.0,0,0,1,0.2619,0.1707,0.4326,42.41340000000001,1.0942,59,12,316,160,47,113,41.107213099644135,1.0605,55,11,309,152,104,48,42.11068861209964,1.0864,44,8,310,147,110,37,20.986377,0,ok,logs/seed_312904.log
95163,e03z,3,z,baseline_plus_gheft,DHEFT/NHEFT/GHEFT,IRT-only,0.0,0,0,1,0.2449,0.1962,0.4411,45.89199999999999,1.2147,58,11,326,163,45,118,40.461735914421546,1.071,55,12,325,162,127,35,46.19093300970873,1.2226,44,11,321,168,139,29,25.686998,0,ok,logs/seed_95163.log
739903,e03z,3,z,baseline_plus_gheft,DHEFT/NHEFT/GHEFT,IRT-only,0.0,0,0,1,0.2217,0.1458,0.3675,44.260299999999994,1.2465,61,13,330,177,49,128,39.62952965299684,1.1161,63,13,332,204,144,60,48.464100000000016,1.3649,49,11,308,169,142,27,18.918984,0,ok,logs/seed_739903.log
527611,e03z,3,z,baseline_plus_gheft,DHEFT/NHEFT/GHEFT,IRT-only,0.0,0,0,1,0.2089,0.1217,0.3306,42.6815,1.2014,59,10,324,156,41,115,42.10387500000001,1.1851,58,13,317,158,116,42,43.14800557029178,1.2145,49,11,310,163,127,36,23.372533,0,ok,logs/seed_527611.log
591781,e03z,3,z,baseline_plus_gheft,DHEFT/NHEFT/GHEFT,IRT-only,0.0,0,0,1,0.2441,0.1515,0.3956,45.951,1.1137,65,13,351,177,52,125,46.40011428571429,1.1246,57,12,344,154,131,23,43.04567332053742,1.0433,52,10,341,155,137,18,25.366148,0,ok,logs/seed_591781.log
10602,e03z,3,z,baseline_plus_gheft,DHEFT/NHEFT/GHEFT,IRT-only,0.0,0,0,1,0.226,0.1549,0.3809,40.78310000000001,1.2621,63,12,322,165,54,111,38.355285380116946,1.187,59,11,326,161,140,21,38.49713225720876,1.1914,50,11,322,155,124,31,20.370149,0,ok,logs/seed_10602.log
91728,e03z,3,z,baseline_plus_gheft,DHEFT/NHEFT/GHEFT,IRT-only,0.0,0,0,1,0.2579,0.1308,0.3887,50.59839999999999,1.3372,58,12,321,160,46,114,51.040178191856455,1.3489,59,12,335,183,135,48,57.5392682034976,1.5206,48,11,308,152,112,40,20.66193,0,ok,logs/seed_91728.log
777150,e03z,3,z,baseline_plus_gheft,DHEFT/NHEFT/GHEFT,IRT-only,0.0,0,0,1,0.2238,0.1389,0.3627,40.8128,1.1119,57,10,312,126,45,81,39.358235393485664,1.0723,54,10,318,142,106,36,42.498921683287165,1.1579,50,10,308,144,113,31,18.331015,0,ok,logs/seed_777150.log
761499,e03z,3,z,baseline_plus_gheft,DHEFT/NHEFT/GHEFT,IRT-only,0.0,0,0,1,0.2211,0.1332,0.3543,44.5076,1.0688,62,13,327,175,50,125,44.26369156939041,1.063,52,13,335,184,144,40,44.26369156939041,1.063,46,12,328,167,129,38,23.35082,0,ok,logs/seed_761499.log
453482,e03z,3,z,baseline_plus_gheft,DHEFT/NHEFT/GHEFT,IRT-only,0.0,0,0,1,0.2328,0.1638,0.3966,45.96879999999999,1.3709,52,10,317,162,49,113,45.354078301886794,1.3525,54,11,315,169,135,34,45.84715949056605,1.3672,43,10,297,146,119,27,19.050948,0,ok,logs/seed_453482.log
562121,e03z,3,z,baseline_plus_gheft,DHEFT/NHEFT/GHEFT,IRT-only,0.0,0,0,1,0.2173,0.1318,0.3491,46.02970000000001,1.2165,52,12,295,154,48,106,38.499263304409666,1.0175,44,10,307,153,127,26,44.49471755450874,1.176,39,9,285,143,120,23,17.300528,0,ok,logs/seed_562121.log
770979,e03z,3,z,baseline_plus_gheft,DHEFT/NHEFT/GHEFT,IRT-only,0.0,0,0,1,0.2083,0.1313,0.3396,48.531400000000005,1.2124,62,13,323,178,40,138,44.437060171919775,1.1101,60,14,309,160,127,33,49.166081098546044,1.2283,50,12,297,157,138,19,15.457459,0,ok,logs/seed_770979.log
703949,e03z,3,z,baseline_plus_gheft,DHEFT/NHEFT/GHEFT,IRT-only,0.0,0,0,1,0.2214,0.1488,0.3702,46.40760000000001,1.2043,57,12,324,157,45,112,44.08423221476511,1.144,57,13,336,174,142,32,41.26514715384615,1.0708,40,12,304,144,118,26,20.496509,0,ok,logs/seed_703949.log
314686,e03z,3,z,baseline_plus_gheft,DHEFT/NHEFT/GHEFT,IRT-only,0.0,0,0,1,0.2165,0.1027,0.3192,57.016299999999994,1.24,52,12,313,149,41,108,49.763647581552306,1.0822,52,11,318,145,109,36,49.23677121046893,1.0708,45,11,315,151,124,27,18.915267,0,ok,logs/seed_314686.log
475760,e03z,3,z,baseline_plus_gheft,DHEFT/NHEFT/GHEFT,IRT-only,0.0,0,0,1,0.2267,0.1664,0.3931,45.149499999999996,1.2417,62,13,353,178,48,130,43.04435746687696,1.1838,72,14,367,206,138,68,43.04435746687696,1.1838,55,12,347,173,130,43,22.901337,0,ok,logs/seed_475760.log
595079,e03z,3,z,baseline_plus_gheft,DHEFT/NHEFT/GHEFT,IRT-only,0.0,0,0,1,0.2398,0.1436,0.3834,40.299800000000005,1.195,56,11,311,167,46,121,41.53596766666667,1.2317,52,11,311,157,114,43,41.97939494949495,1.2448,45,10,315,162,119,43,12.83203,0,ok,logs/seed_595079.log
27243,e03z,3,z,baseline_plus_gheft,DHEFT/NHEFT/GHEFT,IRT-only,0.0,0,0,1,0.2142,0.1406,0.3548,50.6909,1.2287,61,13,333,177,42,135,48.38641402629931,1.1728,57,13,336,197,134,63,46.1522522875817,1.1187,52,12,321,180,128,52,20.050506,0,ok,logs/seed_27243.log
143022,e03z,3,z,baseline_plus_gheft,DHEFT/NHEFT/GHEFT,IRT-only,0.0,0,0,1,0.2349,0.1772,0.4121,45.878699999999995,1.0155,57,12,301,157,45,112,46.31120348258706,1.0251,60,14,311,169,125,44,46.31120348258706,1.0251,47,12,297,149,122,27,19.989789,0,ok,logs/seed_143022.log
958432,e03z,3,z,baseline_plus_gheft,DHEFT/NHEFT/GHEFT,IRT-only,0.0,0,0,1,0.2175,0.1319,0.3494,48.355500000000006,1.0331,54,12,312,158,46,112,54.72730823937554,1.1692,47,12,305,173,130,43,57.0808780160858,1.2195,45,12,305,177,134,43,16.125109,0,ok,logs/seed_958432.log
799339,e03z,3,z,baseline_plus_gheft,DHEFT/NHEFT/GHEFT,IRT-only,0.0,0,0,1,0.2497,0.1664,0.4161,39.6725,1.1354,63,14,316,176,45,131,38.17109746835442,1.0925,53,11,329,164,122,42,39.985127242246435,1.1444,43,10,301,156,127,29,18.849048,0,ok,logs/seed_799339.log
953842,e03z,3,z,baseline_plus_gheft,DHEFT/NHEFT/GHEFT,IRT-only,0.0,0,0,1,0.2182,0.1477,0.3659,46.7428,1.2574,68,17,332,205,47,158,43.23607054263566,1.163,61,15,317,207,155,52,46.09604363565891,1.24,49,14,328,182,158,24,21.20327,0,ok,logs/seed_953842.log
937400,e03z,3,z,baseline_plus_gheft,DHEFT/NHEFT/GHEFT,IRT-only,0.0,0,0,1,0.2422,0.1455,0.3877,43.56880000000001,1.2147,54,12,331,180,45,135,46.34589790834697,1.2921,51,12,338,194,153,41,44.17753733047823,1.2316,45,10,330,168,140,28,19.667127,0,ok,logs/seed_937400.log
919932,e03z,3,z,baseline_plus_gheft,DHEFT/NHEFT/GHEFT,IRT-only,0.0,0,0,1,0.2192,0.1628,0.382,44.356399999999994,1.2756,63,14,338,196,46,150,49.01734955238537,1.4096,60,12,344,194,141,53,48.936877740863785,1.4073,52,10,329,174,136,38,23.721833,0,ok,logs/seed_919932.log
786261,e03z,3,z,baseline_plus_gheft,DHEFT/NHEFT/GHEFT,IRT-only,0.0,0,0,1,0.2149,0.1763,0.3912,49.4468,1.2151,61,11,330,162,38,124,48.03721541441442,1.1805,63,13,335,173,137,36,61.28475315315315,1.506,48,10,310,166,135,31,15.716529,0,ok,logs/seed_786261.log
266747,e03z,3,z,baseline_plus_gheft,DHEFT/NHEFT/GHEFT,IRT-only,0.0,0,0,1,0.219,0.1288,0.3478,40.50280000000001,1.2756,69,13,322,170,49,121,36.83897441332325,1.1602,63,13,325,161,119,42,37.282485462555066,1.1741,47,11,309,155,119,36,20.175603,0,ok,logs/seed_266747.log
394465,e03z,3,z,baseline_plus_gheft,DHEFT/NHEFT/GHEFT,IRT-only,0.0,0,0,1,0.2009,0.1528,0.3537,53.391999999999996,1.3126,62,12,366,176,54,122,52.95203225,1.3018,55,11,355,185,155,30,58.37972411347517,1.4352,43,10,327,157,134,23,21.740123,0,ok,logs/seed_394465.log
725987,e03z,3,z,baseline_plus_gheft,DHEFT/NHEFT/GHEFT,IRT-only,0.0,0,0,1,0.2106,0.1193,0.3299,60.23579999999999,1.0914,61,12,336,187,58,129,60.52171612903224,1.0966,54,12,344,180,140,40,60.52171612903224,1.0966,51,12,342,191,157,34,22.873711,0,ok,logs/seed_725987.log
224478,e03z,3,z,baseline_plus_gheft,DHEFT/NHEFT/GHEFT,IRT-only,0.0,0,0,1,0.2019,0.1418,0.3437,50.45820000000001,1.0358,54,10,346,177,50,127,51.052598561151086,1.048,59,12,343,193,141,52,55.030098561151085,1.1297,49,11,340,159,121,38,23.313553,0,ok,logs/seed_224478.log
408636,e03z,3,z,baseline_plus_gheft,DHEFT/NHEFT/GHEFT,IRT-only,0.0,0,0,1,0.2216,0.1392,0.3608,52.79039999999999,1.3699,62,12,312,174,48,126,48.0321,1.2464,58,13,317,177,144,33,49.28620000000001,1.2789,44,10,317,151,116,35,19.061183,0,ok,logs/seed_408636.log
617269,e03z,3,z,baseline_plus_gheft,DHEFT/NHEFT/GHEFT,IRT-only,0.0,0,0,1,0.2511,0.1349,0.386,40.1827,1.161,66,12,331,172,54,118,37.84459759450172,1.0935,56,12,331,173,139,34,38.569150341685656,1.1144,47,11,318,161,133,28,18.794645,0,ok,logs/seed_617269.log
650122,e03z,3,z,baseline_plus_gheft,DHEFT/NHEFT/GHEFT,IRT-only,0.0,0,0,1,0.2233,0.1083,0.3316,45.05350000000001,1.1902,60,11,312,160,53,107,39.58475868321513,1.0457,64,14,320,172,139,33,44.67758574686431,1.1802,43,12,302,138,116,22,20.971962,0,ok,logs/seed_650122.log
522983,e03z,3,z,baseline_plus_gheft,DHEFT/NHEFT/GHEFT,IRT-only,0.0,0,0,1,0.2395,0.1779,0.4174,47.3945,1.0645,59,12,334,160,37,123,48.9500231574344,1.0995,60,13,354,163,111,52,48.19955189003438,1.0826,53,11,337,168,133,35,21.413473,0,ok,logs/seed_522983.log
239950,e03z,3,z,baseline_plus_gheft,DHEFT/NHEFT/GHEFT,IRT-only,0.0,0,0,1,0.2067,0.1556,0.3623,43.09690000000001,1.1756,58,12,317,175,40,135,42.28645257232704,1.1535,53,11,317,175,125,50,44.94972413273002,1.2261,42,9,313,147,126,21,18.689146,0,ok,logs/seed_239950.log
258973,e03z,3,z,baseline_plus_gheft,DHEFT/NHEFT/GHEFT,IRT-only,0.0,0,0,1,0.1844,0.1123,0.2967,55.5592,1.0382,60,11,345,158,43,115,58.21235439308578,1.0877,55,10,345,174,126,48,58.66393071895425,1.0962,47,9,330,149,107,42,20.215056,0,ok,logs/seed_258973.log
824466,e03z,3,z,baseline_plus_gheft,DHEFT/NHEFT/GHEFT,IRT-only,0.0,0,0,1,0.227,0.1487,0.3757,42.752199999999995,1.3382,57,12,311,186,38,148,40.1726771113831,1.2574,59,14,312,194,139,55,42.699637454100355,1.3365,46,13,323,180,140,40,18.710253,0,ok,logs/seed_824466.log
682056,e03z,3,z,baseline_plus_gheft,DHEFT/NHEFT/GHEFT,IRT-only,0.0,0,0,1,0.2061,0.1533,0.3594,60.10529999999999,1.1492,61,11,321,154,42,112,53.321638154602155,1.0195,61,12,314,167,141,26,60.451487858719645,1.1558,43,11,317,149,125,24,21.800274,0,ok,logs/seed_682056.log
431617,e03z,3,z,baseline_plus_gheft,DHEFT/NHEFT/GHEFT,IRT-only,0.0,0,0,1,0.2195,0.1172,0.3367,53.51,1.0227,55,13,346,162,48,114,57.20602421307506,1.0934,55,14,354,185,144,41,54.08432421307507,1.0337,42,10,331,160,128,32,21.770267,0,ok,logs/seed_431617.log
777731,e03z,3,z,baseline_plus_gheft,DHEFT/NHEFT/GHEFT,IRT-only,0.0,0,0,1,0.2271,0.1758,0.4029,45.891000000000005,1.3496,56,11,325,158,33,125,44.37002549537649,1.3049,55,11,336,167,117,50,48.910253575957725,1.4384,48,11,329,160,105,55,20.692318,0,ok,logs/seed_777731.log
65523,e03z,3,z,baseline_plus_gheft,DHEFT/NHEFT/GHEFT,IRT-only,0.0,0,0,1,0.2408,0.1343,0.3751,45.392900000000004,1.3347,60,13,322,173,51,122,42.06654467860906,1.2369,61,13,332,173,138,35,43.674144444444444,1.2842,54,13,312,163,134,29,17.952138,0,ok,logs/seed_65523.log
226267,e03z,3,z,baseline_plus_gheft,DHEFT/NHEFT/GHEFT,IRT-only,0.0,0,0,1,0.2112,0.1467,0.3579,47.761399999999995,1.1211,61,13,335,166,49,117,50.115142433234425,1.1764,67,14,335,196,146,50,51.51947073293769,1.2093,47,12,324,164,130,34,23.662634,0,ok,logs/seed_226267.log
20773,e03z,3,z,baseline_plus_gheft,DHEFT/NHEFT/GHEFT,IRT-only,0.0,0,0,1,0.2247,0.1197,0.3444,43.5449,1.0282,65,13,333,157,47,110,44.178249392712544,1.0432,62,15,341,161,125,36,44.178249392712544,1.0432,54,12,336,180,139,41,19.842002,0,ok,logs/seed_20773.log
75919,e03z,3,z,baseline_plus_gheft,DHEFT/NHEFT/GHEFT,IRT-only,0.0,0,0,1,0.1923,0.1583,0.3506,47.72179999999999,1.1383,61,13,347,167,36,131,47.62106341610737,1.1359,67,13,356,182,123,59,48.94090636912752,1.1674,58,12,335,179,133,46,23.454729,0,ok,logs/seed_75919.log
796262,e03z,3,z,baseline_plus_gheft,DHEFT/NHEFT/GHEFT,IRT-only,0.0,0,0,1,0.2066,0.1491,0.3557,52.84720000000001,1.2122,65,13,341,163,57,106,52.918028218694886,1.2139,49,11,327,142,112,30,56.354056616194875,1.2927,48,11,328,138,118,20,18.381541,0,ok,logs/seed_796262.log
557554,e03z,3,z,baseline_plus_gheft,DHEFT/NHEFT/GHEFT,IRT-only,0.0,0,0,1,0.2466,0.1583,0.4049,46.9422,1.2982,63,13,336,157,44,113,46.82020869565216,1.2948,57,12,352,184,136,48,46.978187114845944,1.2992,47,10,340,171,134,37,21.445952,0,ok,logs/seed_557554.log
818564,e03z,3,z,baseline_plus_gheft,DHEFT/NHEFT/GHEFT,IRT-only,0.0,0,0,1,0.2257,0.1397,0.3654,47.49280000000001,1.1324,55,10,316,137,38,99,45.73808728323699,1.0906,55,9,326,146,111,35,45.83740101010101,1.0929,42,8,311,143,112,31,21.418304,0,ok,logs/seed_818564.log
5641,e03z,3,z,baseline_plus_gheft,DHEFT/NHEFT/GHEFT,IRT-only,0.0,0,0,1,0.2259,0.1268,0.3527,42.84550000000001,1.1746,55,12,302,163,45,118,40.836548023862775,1.1196,57,14,319,175,132,43,42.60375882352941,1.168,49,13,296,177,128,49,15.88028,0,ok,logs/seed_5641.log
80721,e03z,3,z,baseline_plus_gheft,DHEFT/NHEFT/GHEFT,IRT-only,0.0,0,0,1,0.2314,0.1581,0.3895,55.67430000000001,1.0705,65,14,349,172,52,120,53.0799,1.0207,56,14,358,182,144,38,53.0799,1.0207,51,12,348,192,149,43,22.76966,0,ok,logs/seed_80721.log
14714,e03z,3,z,baseline_plus_gheft,DHEFT/NHEFT/GHEFT,IRT-only,0.0,0,0,1,0.217,0.1356,0.3526,53.8995,1.0846,58,13,340,183,45,138,52.61690357879656,1.0588,59,14,352,195,146,49,50.414942678129286,1.0145,49,13,331,185,145,40,23.132602,0,ok,logs/seed_14714.log
965327,e03z,3,z,baseline_plus_gheft,DHEFT/NHEFT/GHEFT,IRT-only,0.0,0,0,1,0.2284,0.167,0.3954,50.258399999999995,1.2774,64,14,327,197,38,159,44.181690137781004,1.1229,60,14,330,198,125,73,47.153790137781,1.1985,47,13,309,180,131,49,18.134258,0,ok,logs/seed_965327.log
460722,e03z,3,z,baseline_plus_gheft,DHEFT/NHEFT/GHEFT,IRT-only,0.0,0,0,1,0.2221,0.1404,0.3625,47.360000000000014,1.3037,51,12,294,148,38,110,41.72489743589744,1.1486,54,13,311,165,109,56,42.63507401129943,1.1736,50,14,307,160,112,48,19.629068,0,ok,logs/seed_460722.log
724036,e03z,3,z,baseline_plus_gheft,DHEFT/NHEFT/GHEFT,IRT-only,0.0,0,0,1,0.218,0.1339,0.3519,56.202900000000014,1.0088,56,11,317,145,42,103,57.03369740259741,1.0237,59,11,321,152,113,39,61.33716758448061,1.101,51,11,305,148,106,42,18.160689,0,ok,logs/seed_724036.log
901968,e03z,3,z,baseline_plus_gheft,DHEFT/NHEFT/GHEFT,IRT-only,0.0,0,0,1,0.2405,0.1373,0.3778,42.220300000000016,1.2237,58,11,325,168,51,117,38.69241656804733,1.1214,55,12,331,179,147,32,42.263584451718486,1.2249,44,9,308,161,137,24,21.398779,0,ok,logs/seed_901968.log
287728,e03z,3,z,baseline_plus_gheft,DHEFT/NHEFT/GHEFT,IRT-only,0.0,0,0,1,0.2381,0.1412,0.3793,43.458999999999996,1.1843,75,14,355,184,44,140,40.91129386281588,1.1149,67,15,344,187,141,46,40.665967381708235,1.1082,48,11,342,156,123,33,26.637416,0,ok,logs/seed_287728.log
747287,e03z,3,z,baseline_plus_gheft,DHEFT/NHEFT/GHEFT,IRT-only,0.0,0,0,1,0.2317,0.1522,0.3839,50.7266,1.5129,65,13,337,162,48,114,45.67468693632416,1.3622,66,14,341,181,136,45,46.35628758256275,1.3825,44,11,312,137,109,28,19.423882,0,ok,logs/seed_747287.log
867108,e03z,3,z,baseline_plus_gheft,DHEFT/NHEFT/GHEFT,IRT-only,0.0,0,0,1,0.2254,0.1548,0.3802,47.07920000000001,1.3253,57,12,310,155,38,117,42.56438005738882,1.1982,72,13,325,179,126,53,45.28897956600361,1.2749,49,10,317,145,119,26,22.104464,0,ok,logs/seed_867108.log
196697,e03z,3,z,baseline_plus_gheft,DHEFT/NHEFT/GHEFT,IRT-only,0.0,0,0,1,0.2322,0.1707,0.4029,43.2334,1.0734,54,11,327,163,33,130,42.915906185567,1.0655,53,12,322,187,133,54,42.915906185567,1.0655,50,13,327,170,125,45,17.254842,0,ok,logs/seed_196697.log
635464,e03z,3,z,baseline_plus_gheft,DHEFT/NHEFT/GHEFT,IRT-only,0.0,0,0,1,0.2163,0.1719,0.3882,61.52649999999999,1.164,59,11,334,176,33,143,64.27990380348653,1.2161,62,13,347,190,141,49,64.68020584192439,1.2236,53,10,315,167,136,31,20.809337,0,ok,logs/seed_635464.log
389228,e03z,3,z,baseline_plus_gheft,DHEFT/NHEFT/GHEFT,IRT-only,0.0,0,0,1,0.2334,0.139,0.3724,49.1816,1.0079,56,9,312,143,43,100,58.56270175695461,1.2001,57,12,311,157,111,46,52.304481614349775,1.0719,47,10,300,138,105,33,18.043809,0,ok,logs/seed_389228.log
813617,e03z,3,z,baseline_plus_gheft,DHEFT/NHEFT/GHEFT,IRT-only,0.0,0,0,1,0.2278,0.152,0.3798,49.2512,1.325,56,11,324,158,47,111,46.025999113207554,1.2382,60,13,322,181,146,35,49.25375180055402,1.325,46,10,320,150,121,29,20.718982,0,ok,logs/seed_813617.log
232555,e03z,3,z,baseline_plus_gheft,DHEFT/NHEFT/GHEFT,IRT-only,0.0,0,0,1,0.2141,0.1591,0.3732,53.60850000000001,1.1698,56,13,340,176,44,132,50.11540662251655,1.0936,60,13,351,192,142,50,53.24624122137404,1.1619,54,13,341,181,142,39,23.190248,0,ok,logs/seed_232555.log
932496,e03z,3,z,baseline_plus_gheft,DHEFT/NHEFT/GHEFT,IRT-only,0.0,0,0,1,0.2326,0.1833,0.4159,49.14900000000001,1.224,60,12,349,169,42,127,41.78262841328414,1.0405,67,14,341,187,119,68,49.18795454545455,1.2249,48,11,325,161,125,36,21.549112,0,ok,logs/seed_932496.log
544493,e03z,3,z,baseline_plus_gheft,DHEFT/NHEFT/GHEFT,IRT-only,0.0,0,0,1,0.2592,0.1686,0.4278,55.96040000000002,1.1468,56,12,307,141,46,95,53.875363930013464,1.1041,57,12,320,179,132,47,70.05003924050632,1.4355,39,10,307,155,129,26,23.185112,0,ok,logs/seed_544493.log
174431,e03z,3,z,baseline_plus_gheft,DHEFT/NHEFT/GHEFT,IRT-only,0.0,0,0,1,0.2482,0.1649,0.4131,44.5555,1.2459,59,11,323,169,48,121,38.57176078153819,1.0786,56,11,328,162,124,38,47.158966362252656,1.3187,49,11,317,155,123,32,22.834231,0,ok,logs/seed_174431.log
715533,e03z,3,z,baseline_plus_gheft,DHEFT/NHEFT/GHEFT,IRT-only,0.0,0,0,1,0.2198,0.1324,0.3522,45.21249999999999,1.1336,63,13,334,180,37,143,41.88048366494178,1.0501,58,14,344,187,120,67,47.201773738680465,1.1835,44,13,326,170,125,45,20.347004,0,ok,logs/seed_715533.log
710115,e03z,3,z,baseline_plus_gheft,DHEFT/NHEFT/GHEFT,IRT-only,0.0,0,0,1,0.2108,0.1411,0.3519,53.318799999999996,1.0101,61,10,304,158,38,120,54.18832469135802,1.0266,64,13,319,170,123,47,54.95896045627377,1.0412,47,10,295,154,127,27,23.594452,0,ok,logs/seed_710115.log
69527,e03z,3,z,baseline_plus_gheft,DHEFT/NHEFT/GHEFT,IRT-only,0.0,0,0,1,0.2369,0.1577,0.3946,43.8611,1.2107,63,15,346,165,34,131,40.637317365269475,1.1218,74,14,357,180,123,57,45.45978325791854,1.2549,60,13,336,183,132,51,21.986997,0,ok,logs/seed_69527.log
584456,e03z,3,z,baseline_plus_gheft,DHEFT/NHEFT/GHEFT,IRT-only,0.0,0,0,1,0.2323,0.1365,0.3688,40.763699999999986,1.1296,63,12,348,174,46,128,39.5359103626943,1.0956,56,13,335,176,137,39,39.641522427440634,1.0985,48,11,328,163,127,36,18.912038,0,ok,logs/seed_584456.log
678197,e03z,3,z,baseline_plus_gheft,DHEFT/NHEFT/GHEFT,IRT-only,0.0,0,0,1,0.2143,0.1419,0.3562,47.354600000000005,1.2372,60,14,320,175,51,124,41.92730223546945,1.0954,61,13,326,171,130,41,42.369264516129036,1.1069,47,12,318,156,129,27,21.047999,0,ok,logs/seed_678197.log
871381,e03z,3,z,baseline_plus_gheft,DHEFT/NHEFT/GHEFT,IRT-only,0.0,0,0,1,0.2235,0.1358,0.3593,46.39790000000001,1.2444,58,12,326,169,41,128,48.7461479785575,1.3074,55,12,321,178,125,53,43.81700186335405,1.1752,48,11,311,165,124,41,19.66076,0,ok,logs/seed_871381.log
855755,e03z,3,z,baseline_plus_gheft,DHEFT/NHEFT/GHEFT,IRT-only,0.0,0,0,1,0.2275,0.1761,0.4036,49.5919,1.275,74,16,336,186,37,149,40.35650762926497,1.0376,75,17,344,192,112,80,51.96444162797337,1.336,53,13,327,159,119,40,24.877198,0,ok,logs/seed_855755.log
137836,e03z,3,z,baseline_plus_gheft,DHEFT/NHEFT/GHEFT,IRT-only,0.0,0,0,1,0.2183,0.1412,0.3595,48.276799999999994,1.3122,55,12,311,143,48,95,47.37078965517242,1.2876,48,12,311,151,120,31,54.031027589207994,1.4686,41,11,301,144,124,20,19.704147,0,ok,logs/seed_137836.log
560927,e03z,3,z,baseline_plus_gheft,DHEFT/NHEFT/GHEFT,IRT-only,0.0,0,0,1,0.1956,0.1495,0.3451,49.67519999999999,1.2148,63,12,333,175,33,142,43.89193164169382,1.0733,57,12,325,160,104,56,52.585918241042336,1.2859,43,10,311,147,105,42,19.696509,0,ok,logs/seed_560927.log
47925,e03z,3,z,baseline_plus_gheft,DHEFT/NHEFT/GHEFT,IRT-only,0.0,0,0,1,0.2284,0.1683,0.3967,45.7201,1.1578,59,13,313,155,44,111,40.140794320964744,1.0166,56,12,309,167,117,50,46.146507977736555,1.1686,51,11,306,163,127,36,20.859741,0,ok,logs/seed_47925.log
667073,e03z,3,z,baseline_plus_gheft,DHEFT/NHEFT/GHEFT,IRT-only,0.0,0,0,1,0.2059,0.1162,0.3221,44.3658,1.1451,53,11,305,176,52,124,41.345247221248634,1.0672,48,11,313,176,144,32,41.45947291196388,1.0701,40,10,296,156,128,28,16.843433,0,ok,logs/seed_667073.log
153349,e03z,3,z,baseline_plus_gheft,DHEFT/NHEFT/GHEFT,IRT-only,0.0,0,0,1,0.2288,0.1341,0.3629,56.89310000000001,1.1644,62,12,353,182,37,145,49.49027000726392,1.0129,64,15,357,208,147,61,49.49027000726392,1.0129,50,13,346,195,149,46,22.248507,0,ok,logs/seed_153349.log
263035,e03z,3,z,baseline_plus_gheft,DHEFT/NHEFT/GHEFT,IRT-only,0.0,0,0,1,0.2106,0.1412,0.3518,45.97389999999999,1.1869,67,11,361,175,45,130,46.00091332194705,1.1876,65,12,355,186,136,50,45.15306467218282,1.1657,56,11,348,178,141,37,22.988861,0,ok,logs/seed_263035.log
782665,e03z,3,z,baseline_plus_gheft,DHEFT/NHEFT/GHEFT,IRT-only,0.0,0,0,1,0.202,0.1396,0.3416,53.54449999999999,1.0947,58,12,327,183,42,141,52.49160999153259,1.0732,58,12,318,179,140,39,56.035609991532596,1.1456,53,11,322,179,138,41,18.777831,0,ok,logs/seed_782665.log
372049,e03z,3,z,baseline_plus_gheft,DHEFT/NHEFT/GHEFT,IRT-only,0.0,0,0,1,0.227,0.1208,0.3478,52.8615,1.1254,59,13,332,187,46,141,50.454439319762514,1.0741,56,11,354,190,142,48,50.087958506361325,1.0663,58,12,349,200,163,37,20.907518,0,ok,logs/seed_372049.log
15262,e03z,3,z,baseline_plus_gheft,DHEFT/NHEFT/GHEFT,IRT-only,0.0,0,0,1,0.2529,0.1932,0.4461,48.27340000000002,1.4223,62,13,334,163,40,123,45.63708439871016,1.3447,60,12,330,180,129,51,40.20543717021277,1.1846,51,12,314,161,125,36,16.656416,0,ok,logs/seed_15262.log
745342,e03z,3,z,baseline_plus_gheft,DHEFT/NHEFT/GHEFT,IRT-only,0.0,0,0,1,0.2468,0.1276,0.3744,45.58790000000001,1.1329,63,14,342,172,40,132,45.709651485148505,1.1359,62,13,354,184,139,45,45.1575198019802,1.1222,52,12,348,162,127,35,24.090795,0,ok,logs/seed_745342.log
437809,e03z,3,z,baseline_plus_gheft,DHEFT/NHEFT/GHEFT,IRT-only,0.0,0,0,1,0.2455,0.1407,0.3862,40.25,1.1426,57,12,311,160,47,113,44.995113056737594,1.2773,64,13,321,176,126,50,42.390931602708804,1.2034,42,10,294,146,121,25,16.143762,0,ok,logs/seed_437809.log
987435,e03z,3,z,baseline_plus_gheft,DHEFT/NHEFT/GHEFT,IRT-only,0.0,0,0,1,0.2522,0.1347,0.3869,44.57079999999999,1.4942,58,11,343,176,45,131,39.82381770573566,1.3351,70,14,346,205,150,55,39.43124356890202,1.3219,51,12,328,177,141,36,23.003771,0,ok,logs/seed_987435.log
146585,e03z,3,z,baseline_plus_gheft,DHEFT/NHEFT/GHEFT,IRT-only,0.0,0,0,1,0.2203,0.1479,0.3682,54.33880000000002,1.2421,72,12,347,175,38,137,56.40840304081633,1.2894,60,13,338,175,124,51,51.567815032679725,1.1787,52,13,331,157,122,35,24.307503,0,ok,logs/seed_146585.log
368863,e03z,3,z,baseline_plus_gheft,DHEFT/NHEFT/GHEFT,IRT-only,0.0,0,0,1,0.2173,0.1389,0.3562,49.0291,1.0173,54,11,332,151,39,112,49.65759012345679,1.0304,65,12,341,183,128,55,54.63495432098766,1.1337,56,11,327,157,117,40,24.74974,0,ok,logs/seed_368863.log
572806,e03z,3,z,baseline_plus_gheft,DHEFT/NHEFT/GHEFT,IRT-only,0.0,0,0,1,0.2322,0.1522,0.3844,43.53040000000001,1.2003,59,12,326,182,53,129,41.2898047882591,1.1385,56,13,334,190,142,48,46.24569127182045,1.2751,47,13,328,184,149,35,21.545457,0,ok,logs/seed_572806.log
198288,e03z,3,z,baseline_plus_gheft,DHEFT/NHEFT/GHEFT,IRT-only,0.0,0,0,1,0.2428,0.1472,0.39,43.0516,1.2228,63,12,335,169,45,124,40.871368480446925,1.1609,69,13,354,183,138,45,40.76132476894639,1.1577,54,11,335,167,138,29,20.36249,0,ok,logs/seed_198288.log
110116,e03z,3,z,baseline_plus_gheft,DHEFT/NHEFT/GHEFT,IRT-only,0.0,0,0,1,0.2147,0.1236,0.3383,48.4736,1.0837,62,13,337,162,39,123,54.263305527638195,1.2131,53,11,341,140,94,46,47.13095665819861,1.0537,42,11,309,125,91,34,18.287535,0,ok,logs/seed_110116.log
149047,e03z,3,z,baseline_plus_gheft,DHEFT/NHEFT/GHEFT,IRT-only,0.0,0,0,1,0.2462,0.141,0.3872,41.7996,1.3364,57,12,318,135,42,93,37.97248004509283,1.2141,55,15,329,144,126,18,43.01157403035414,1.3752,47,12,327,144,130,14,23.156165,0,ok,logs/seed_149047.log
864824,e03z,3,z,baseline_plus_gheft,DHEFT/NHEFT/GHEFT,IRT-only,0.0,0,0,1,0.2137,0.1608,0.3745,44.4888,1.2709,56,14,313,174,32,142,47.39306219931273,1.3538,59,14,314,172,124,48,44.038031349971305,1.258,48,13,304,170,135,35,19.734105,0,ok,logs/seed_864824.log
801768,e03z,3,z,baseline_plus_gheft,DHEFT/NHEFT/GHEFT,IRT-only,0.0,0,0,1,0.2293,0.1244,0.3537,46.295500000000004,1.2889,59,13,334,174,54,120,46.04763700384392,1.282,64,12,331,182,125,57,43.74963877551021,1.218,44,10,317,140,107,33,22.501658,0,ok,logs/seed_801768.log
262875,e03z,3,z,baseline_plus_gheft,DHEFT/NHEFT/GHEFT,IRT-only,0.0,0,0,1,0.2281,0.1287,0.3568,51.58949999999999,1.3333,62,12,332,178,50,128,46.40829750655021,1.1994,54,12,323,158,130,28,45.29104243323443,1.1705,44,10,323,153,129,24,19.469431,0,ok,logs/seed_262875.log
524794,e03z,3,z,baseline_plus_gheft,DHEFT/NHEFT/GHEFT,IRT-only,0.0,0,0,1,0.1994,0.1146,0.314,52.90359999999999,1.0479,59,13,321,160,38,122,52.903568984700975,1.0479,59,14,333,174,127,47,52.579234273318875,1.0415,42,9,321,148,126,22,25.681168,0,ok,logs/seed_524794.log
824487,e03z,3,z,baseline_plus_gheft,DHEFT/NHEFT/GHEFT,IRT-only,0.0,0,0,1,0.2102,0.1567,0.3669,56.82690000000001,1.2586,52,12,317,159,45,114,58.30674521452146,1.2914,56,12,323,165,120,45,53.518647242774556,1.1853,42,10,305,145,122,23,18.159919,0,ok,logs/seed_824487.log
927335,e03z,3,z,baseline_plus_gheft,DHEFT/NHEFT/GHEFT,IRT-only,0.0,0,0,1,0.2233,0.1412,0.3645,52.6986,1.1503,57,11,323,157,46,111,52.7093734463277,1.1505,54,11,311,165,136,29,53.97388704581358,1.1781,36,10,304,146,126,20,19.988816,0,ok,logs/seed_927335.log
982015,e03z,3,z,baseline_plus_gheft,DHEFT/NHEFT/GHEFT,IRT-only,0.0,0,0,1,0.2363,0.1404,0.3767,43.035,1.3551,59,11,313,150,43,107,43.68877674970345,1.3757,62,13,309,159,128,31,43.12790621468927,1.358,41,11,295,144,122,22,17.196917,0,ok,logs/seed_982015.log
205178,e03z,3,z,baseline_plus_gheft,DHEFT/NHEFT/GHEFT,IRT-only,0.0,0,0,1,0.2194,0.1472,0.3666,44.78319999999999,1.6432,61,11,317,158,47,111,39.20185224760076,1.4384,61,12,339,170,122,48,43.33277965616046,1.59,49,9,320,150,124,26,18.66282,0,ok,logs/seed_205178.log
888604,e03z,3,z,baseline_plus_gheft,DHEFT/NHEFT/GHEFT,IRT-only,0.0,0,0,1,0.2198,0.156,0.3758,51.57760000000001,1.0503,67,13,334,179,37,142,52.0133457106274,1.0592,66,13,352,192,129,63,52.0133457106274,1.0592,57,11,341,180,140,40,23.21268,0,ok,logs/seed_888604.log
546566,e03z,3,z,baseline_plus_gheft,DHEFT/NHEFT/GHEFT,IRT-only,0.0,0,0,1,0.2396,0.1108,0.3504,48.4327,1.0068,58,13,321,156,40,116,49.68990000000001,1.0329,50,10,311,146,109,37,49.194793406593405,1.0226,38,8,297,139,106,33,16.025945,0,ok,logs/seed_546566.log
939943,e03z,3,z,baseline_plus_gheft,DHEFT/NHEFT/GHEFT,IRT-only,0.0,0,0,1,0.2398,0.1464,0.3862,42.10300000000001,1.2036,55,12,322,169,49,120,41.25938437045286,1.1795,51,11,326,178,136,42,40.81603904045154,1.1668,50,11,326,182,139,43,17.788646,0,ok,logs/seed_939943.log
461796,e03z,3,z,baseline_plus_gheft,DHEFT/NHEFT/GHEFT,IRT-only,0.0,0,0,1,0.227,0.1615,0.3885,44.83839999999999,1.0059,63,11,333,159,47,112,45.1178016802721,1.0122,56,11,338,157,121,36,45.059323204419876,1.0108,53,11,321,148,125,23,21.72945,0,ok,logs/seed_461796.log
683805,e03z,3,z,baseline_plus_gheft,DHEFT/NHEFT/GHEFT,IRT-only,0.0,0,0,1,0.2329,0.1322,0.3651,51.08569999999999,1.2654,62,15,342,190,49,141,46.594625736048286,1.1542,56,14,335,187,132,55,46.008272580645155,1.1396,44,12,331,181,141,40,20.677664,0,ok,logs/seed_683805.log
273298,e03z,3,z,baseline_plus_gheft,DHEFT/NHEFT/GHEFT,IRT-only,0.0,0,0,1,0.2053,0.1124,0.3177,49.418299999999995,1.2271,62,12,336,161,57,104,44.72721478770132,1.1106,60,14,354,176,135,41,45.379166390041505,1.1268,48,11,341,160,120,40,20.027494,0,ok,logs/seed_273298.log
870064,e03z,3,z,baseline_plus_gheft,DHEFT/NHEFT/GHEFT,IRT-only,0.0,0,0,1,0.2645,0.1794,0.4439,47.193000000000005,1.317,57,12,308,184,49,135,43.74338895668091,1.2207,54,13,307,184,138,46,40.83866513761468,1.1397,46,12,300,168,146,22,17.020605,0,ok,logs/seed_870064.log
739336,e03z,3,z,baseline_plus_gheft,DHEFT/NHEFT/GHEFT,IRT-only,0.0,0,0,1,0.2045,0.1398,0.3443,56.481,1.2058,56,13,308,182,43,139,55.98625913528591,1.1953,59,13,320,180,121,59,54.24753565768621,1.1582,47,12,305,185,151,34,17.608183,0,ok,logs/seed_739336.log
374908,e03z,3,z,baseline_plus_gheft,DHEFT/NHEFT/GHEFT,IRT-only,0.0,0,0,1,0.2301,0.1715,0.4016,43.83489999999999,1.341,59,11,328,169,35,134,38.39329268207024,1.1745,65,14,335,180,122,58,40.41800905730128,1.2364,44,11,319,148,107,41,20.581331,0,ok,logs/seed_374908.log
489107,e03z,3,z,baseline_plus_gheft,DHEFT/NHEFT/GHEFT,IRT-only,0.0,0,0,1,0.2115,0.1291,0.3406,49.08930000000001,1.0348,58,12,341,179,46,133,48.7761470899471,1.0282,53,11,324,171,122,49,50.029415535444954,1.0547,49,11,331,172,133,39,21.415043,0,ok,logs/seed_489107.log
676170,e03z,3,z,baseline_plus_gheft,DHEFT/NHEFT/GHEFT,IRT-only,0.0,0,0,1,0.214,0.1377,0.3517,49.80229999999999,1.1274,66,14,362,202,49,153,48.870383211589115,1.1063,66,15,367,202,162,40,49.59835587269535,1.1227,53,12,350,187,153,34,24.042216,0,ok,logs/seed_676170.log
946643,e03z,3,z,baseline_plus_gheft,DHEFT/NHEFT/GHEFT,IRT-only,0.0,0,0,1,0.2461,0.1797,0.4258,45.523300000000006,1.2583,68,15,333,192,39,153,47.389077534296035,1.3099,63,15,347,208,136,72,44.85039999999999,1.2397,52,13,331,197,143,54,19.992336,0,ok,logs/seed_946643.log
245576,e03z,3,z,baseline_plus_gheft,DHEFT/NHEFT/GHEFT,IRT-only,0.0,0,0,1,0.2271,0.1642,0.3913,40.833,1.1871,68,12,331,164,42,122,37.52224844720497,1.0909,66,13,333,172,127,45,44.113421483375966,1.2825,55,12,331,165,119,46,19.444561,0,ok,logs/seed_245576.log
61677,e03z,3,z,baseline_plus_gheft,DHEFT/NHEFT/GHEFT,IRT-only,0.0,0,0,1,0.2328,0.1417,0.3745,50.77310000000001,1.115,64,13,326,188,39,149,47.74398884266985,1.0485,55,11,323,177,130,47,49.3564,1.0839,54,12,314,178,127,51,21.67064,0,ok,logs/seed_61677.log
985204,e03z,3,z,baseline_plus_gheft,DHEFT/NHEFT/GHEFT,IRT-only,0.0,0,0,1,0.214,0.1682,0.3822,46.258,1.3029,57,12,337,161,33,128,50.883293682926826,1.4332,65,13,341,174,119,55,48.57426368754399,1.3681,53,11,343,168,123,45,20.685266,0,ok,logs/seed_985204.log
957734,e03z,3,z,baseline_plus_gheft,DHEFT/NHEFT/GHEFT,IRT-only,0.0,0,0,1,0.2419,0.1624,0.4043,38.334399999999995,1.2326,64,13,329,162,47,115,39.59405891381345,1.2731,59,12,341,174,125,49,36.64195632183908,1.1782,52,10,323,164,131,33,24.583929,0,ok,logs/seed_957734.log
586973,e03z,3,z,baseline_plus_gheft,DHEFT/NHEFT/GHEFT,IRT-only,0.0,0,0,1,0.2083,0.1251,0.3334,45.2019,1.2222,63,12,339,183,51,132,40.72553764921465,1.1012,56,12,335,167,131,36,41.38779716088328,1.1191,40,10,332,154,120,34,20.687163,0,ok,logs/seed_586973.log
81222,e03z,3,z,baseline_plus_gheft,DHEFT/NHEFT/GHEFT,IRT-only,0.0,0,0,1,0.2109,0.1442,0.3551,46.3469,1.4365,55,12,314,175,42,133,43.081173153779325,1.3353,54,13,333,176,131,45,43.388973153779325,1.3448,49,11,309,169,132,37,17.09094,0,ok,logs/seed_81222.log
985268,e03z,3,z,baseline_plus_gheft,DHEFT/NHEFT/GHEFT,IRT-only,0.0,0,0,1,0.2439,0.1656,0.4095,42.37689999999999,1.1567,61,13,331,195,47,148,41.1442824120603,1.123,65,14,335,199,135,64,39.697282783882784,1.0835,49,12,331,191,143,48,19.058515,0,ok,logs/seed_985268.log
240715,e03z,3,z,baseline_plus_gheft,DHEFT/NHEFT/GHEFT,IRT-only,0.0,0,0,1,0.2472,0.1511,0.3983,44.979099999999995,1.2285,59,11,310,166,52,114,44.80258612160228,1.2236,59,13,328,171,131,40,45.43203981191222,1.2408,50,12,311,158,121,37,20.832612,0,ok,logs/seed_240715.log
336806,e03z,3,z,baseline_plus_gheft,DHEFT/NHEFT/GHEFT,IRT-only,0.0,0,0,1,0.2333,0.1705,0.4038,49.70169999999998,1.4852,63,13,336,168,39,129,41.10614281996435,1.2284,62,14,367,180,126,54,49.10686923076922,1.4675,61,11,349,195,143,52,24.133336,0,ok,logs/seed_336806.log
431396,e03z,3,z,baseline_plus_gheft,DHEFT/NHEFT/GHEFT,IRT-only,0.0,0,0,1,0.2485,0.1437,0.3922,43.10959999999999,1.1662,59,12,306,151,41,110,42.13365704435934,1.1398,61,14,337,184,135,49,45.54512240184757,1.232,50,12,327,172,138,34,21.160511,0,ok,logs/seed_431396.log
850253,e03z,3,z,baseline_plus_gheft,DHEFT/NHEFT/GHEFT,IRT-only,0.0,0,0,1,0.2327,0.1509,0.3836,41.471799999999995,1.1788,60,12,323,173,51,122,38.06351935405373,1.082,59,13,324,178,140,38,41.79031493212671,1.1879,52,12,321,171,140,31,20.008372,0,ok,logs/seed_850253.log
342204,e03z,3,z,baseline_plus_gheft,DHEFT/NHEFT/GHEFT,IRT-only,0.0,0,0,1,0.2432,0.1541,0.3973,47.009,1.5774,62,14,324,178,41,137,41.13948102969562,1.3804,66,15,342,203,143,60,43.63551087613294,1.4642,53,13,328,181,130,51,19.139309,0,ok,logs/seed_342204.log
810991,e03z,3,z,baseline_plus_gheft,DHEFT/NHEFT/GHEFT,IRT-only,0.0,0,0,1,0.2038,0.1124,0.3162,50.43470000000001,1.3317,54,10,299,153,39,114,46.21577235236939,1.2203,54,10,316,174,132,42,46.444371352369394,1.2263,42,9,310,153,126,27,21.372318,0,ok,logs/seed_810991.log
895124,e03z,3,z,baseline_plus_gheft,DHEFT/NHEFT/GHEFT,IRT-only,0.0,0,0,1,0.2088,0.1562,0.365,46.8254,1.3439,65,13,359,185,37,148,45.39572989559544,1.3029,68,14,353,176,122,54,45.85038160848288,1.3159,55,11,338,163,130,33,21.688215,0,ok,logs/seed_895124.log
437866,e03z,3,z,baseline_plus_gheft,DHEFT/NHEFT/GHEFT,IRT-only,0.0,0,0,1,0.2466,0.1563,0.4029,47.8327,1.143,60,12,315,163,40,123,50.27312890855457,1.2013,60,13,300,151,114,37,48.83334520436987,1.1669,50,11,301,147,109,38,19.711129,0,ok,logs/seed_437866.log
246441,e03z,3,z,baseline_plus_gheft,DHEFT/NHEFT/GHEFT,IRT-only,0.0,0,0,1,0.2084,0.1077,0.3161,43.604699999999994,1.0501,61,11,339,170,42,128,42.9430890510949,1.0341,60,14,319,168,121,47,43.24511950509462,1.0414,52,13,332,155,112,43,24.943904,0,ok,logs/seed_246441.log
834777,e03z,3,z,baseline_plus_gheft,DHEFT/NHEFT/GHEFT,IRT-only,0.0,0,0,1,0.2322,0.1632,0.3954,46.45570000000001,1.2065,63,15,332,173,35,138,46.92858761061947,1.2188,66,18,343,187,135,52,46.92858761061947,1.2188,56,14,325,189,144,45,23.34883,0,ok,logs/seed_834777.log
159109,e03z,3,z,baseline_plus_gheft,DHEFT/NHEFT/GHEFT,IRT-only,0.0,0,0,1,0.2117,0.1219,0.3336,54.134100000000004,1.3826,62,14,344,182,39,143,52.19349093107618,1.333,64,14,348,202,154,48,58.63732942817295,1.4976,53,11,342,167,137,30,20.153193,0,ok,logs/seed_159109.log
469145,e03z,3,z,baseline_plus_gheft,DHEFT/NHEFT/GHEFT,IRT-only,0.0,0,0,1,0.2256,0.125,0.3506,47.325700000000005,1.393,53,10,330,177,48,129,42.545567658093795,1.2523,53,12,317,187,140,47,44.30990335731415,1.3043,45,9,305,171,140,31,15.823461,0,ok,logs/seed_469145.log
359039,e03z,3,z,baseline_plus_gheft,DHEFT/NHEFT/GHEFT,IRT-only,0.0,0,0,1,0.2215,0.1204,0.3419,45.68950000000001,1.116,59,12,338,161,34,127,45.609087859824776,1.114,56,13,331,164,107,57,45.819713121212125,1.1191,42,9,321,147,113,34,18.481495,0,ok,logs/seed_359039.log
441554,e03z,3,z,baseline_plus_gheft,DHEFT/NHEFT/GHEFT,IRT-only,0.0,0,0,1,0.2487,0.1692,0.4179,54.4107,1.05,59,11,334,150,32,118,57.031645836249126,1.1005,55,11,342,178,120,58,59.02028559463986,1.1389,50,11,327,165,122,43,21.828289,0,ok,logs/seed_441554.log
981230,e03z,3,z,baseline_plus_gheft,DHEFT/NHEFT/GHEFT,IRT-only,0.0,0,0,1,0.2368,0.1614,0.3982,47.2823,1.2797,61,14,322,175,38,137,38.851201777604984,1.0515,66,15,328,183,136,47,49.035312754029434,1.3271,51,12,310,169,141,28,24.156655,0,ok,logs/seed_981230.log
386385,e03z,3,z,baseline_plus_gheft,DHEFT/NHEFT/GHEFT,IRT-only,0.0,0,0,1,0.2357,0.1664,0.4021,42.84389999999999,1.1075,58,12,327,159,44,115,43.94448143712575,1.136,52,10,310,164,133,31,42.00250257045609,1.0858,47,9,301,163,138,25,19.45235,0,ok,logs/seed_386385.log
667900,e03z,3,z,baseline_plus_gheft,DHEFT/NHEFT/GHEFT,IRT-only,0.0,0,0,1,0.2078,0.1628,0.3706,49.497800000000005,1.382,59,12,330,161,40,121,43.42499295774648,1.2124,57,12,335,163,113,50,45.52079743589743,1.2709,46,11,316,157,126,31,22.937478,0,ok,logs/seed_667900.log
361299,e03z,3,z,baseline_plus_gheft,DHEFT/NHEFT/GHEFT,IRT-only,0.0,0,0,1,0.2282,0.1728,0.401,43.3903,1.1571,59,14,342,195,45,150,39.58170797912006,1.0556,67,15,331,198,156,42,38.77182878821879,1.034,50,11,325,175,145,30,21.020868,0,ok,logs/seed_361299.log
270600,e03z,3,z,baseline_plus_gheft,DHEFT/NHEFT/GHEFT,IRT-only,0.0,0,0,1,0.2259,0.1237,0.3496,46.7887,1.3844,60,11,313,172,51,121,41.22787399270074,1.2199,67,14,325,183,142,41,43.25880323450134,1.28,47,13,316,171,133,38,15.880625,0,ok,logs/seed_270600.log
399493,e03z,3,z,baseline_plus_gheft,DHEFT/NHEFT/GHEFT,IRT-only,0.0,0,0,1,0.2073,0.1262,0.3335,47.871199999999995,1.1396,63,14,319,157,46,111,46.60375266106442,1.1095,61,12,325,169,125,44,46.01141428571428,1.0954,39,10,303,148,118,30,21.519483,0,ok,logs/seed_399493.log
344401,e03z,3,z,baseline_plus_gheft,DHEFT/NHEFT/GHEFT,IRT-only,0.0,0,0,1,0.2604,0.147,0.4074,45.3373,1.151,71,17,358,212,43,169,42.6611142957253,1.083,62,15,346,185,147,38,45.009893450576115,1.1426,51,13,345,207,175,32,23.375701,0,ok,logs/seed_344401.log
440653,e03z,3,z,baseline_plus_gheft,DHEFT/NHEFT/GHEFT,IRT-only,0.0,0,0,1,0.2153,0.1218,0.3371,57.89399999999999,1.1247,59,12,356,180,41,139,54.34575581395349,1.0558,58,12,357,177,134,43,64.6705069767442,1.2564,55,11,355,199,149,50,20.670131,0,ok,logs/seed_440653.log
422829,e03z,3,z,baseline_plus_gheft,DHEFT/NHEFT/GHEFT,IRT-only,0.0,0,0,1,0.2003,0.1763,0.3766,55.9894,1.3822,56,12,315,171,47,124,53.85857204160457,1.3296,78,16,344,222,145,77,53.875949921011056,1.3301,48,12,313,171,131,40,20.381722,0,ok,logs/seed_422829.log
194493,e03z,3,z,baseline_plus_gheft,DHEFT/NHEFT/GHEFT,IRT-only,0.0,0,0,1,0.2276,0.1472,0.3748,51.2547,1.1512,60,12,353,174,41,133,47.29660315053763,1.0623,52,11,345,175,135,40,55.113414517218104,1.2379,50,11,326,185,154,31,24.498325,0,ok,logs/seed_194493.log
79088,e03z,3,z,baseline_plus_gheft,DHEFT/NHEFT/GHEFT,IRT-only,0.0,0,0,1,0.2115,0.1457,0.3572,54.4477,1.1512,66,14,346,171,45,126,52.57382174522292,1.1115,59,13,343,169,121,48,49.85551337579618,1.0541,57,13,344,156,119,37,17.91059,0,ok,logs/seed_79088.log
144274,e03z,3,z,baseline_plus_gheft,DHEFT/NHEFT/GHEFT,IRT-only,0.0,0,0,1,0.1872,0.1215,0.3087,51.06259999999999,1.3267,57,13,354,190,48,142,50.53116156527592,1.3129,53,12,344,184,139,45,51.81927801047121,1.3464,47,11,345,168,139,29,22.175539,0,ok,logs/seed_144274.log
568701,e03z,3,z,baseline_plus_gheft,DHEFT/NHEFT/GHEFT,IRT-only,0.0,0,0,1,0.2567,0.1816,0.4383,41.0292,1.4223,62,14,330,158,40,118,36.777458059467925,1.2749,56,12,342,171,113,58,41.39451909290953,1.4349,42,10,329,146,100,46,19.422154,0,ok,logs/seed_568701.log
643829,e03z,3,z,baseline_plus_gheft,DHEFT/NHEFT/GHEFT,IRT-only,0.0,0,0,1,0.2184,0.1443,0.3627,44.2092,1.2141,71,15,360,181,43,138,43.080070334829976,1.1831,67,14,357,177,133,44,39.1479255398773,1.0751,57,12,349,176,139,37,25.344773,0,ok,logs/seed_643829.log
271983,e03z,3,z,baseline_plus_gheft,DHEFT/NHEFT/GHEFT,IRT-only,0.0,0,0,1,0.2189,0.1296,0.3485,43.8928,1.2115,58,12,343,175,47,128,41.54232679355783,1.1466,53,12,340,165,121,44,46.333603448275866,1.2788,50,11,331,153,117,36,22.741397,0,ok,logs/seed_271983.log
197314,e03z,3,z,baseline_plus_gheft,DHEFT/NHEFT/GHEFT,IRT-only,0.0,0,0,1,0.2147,0.1276,0.3423,44.37899999999999,1.1546,58,11,328,170,47,123,44.58338614851486,1.1599,59,13,325,172,118,54,48.154107111756176,1.2528,41,10,315,135,106,29,21.886314,0,ok,logs/seed_197314.log
994686,e03z,3,z,baseline_plus_gheft,DHEFT/NHEFT/GHEFT,IRT-only,0.0,0,0,1,0.2439,0.1868,0.4307,45.159099999999995,1.2199,53,10,326,163,36,127,46.3228137432188,1.2513,53,11,327,161,127,34,46.82045587703436,1.2648,53,11,330,181,144,37,23.937858,0,ok,logs/seed_994686.log
282842,e03z,3,z,baseline_plus_gheft,DHEFT/NHEFT/GHEFT,IRT-only,0.0,0,0,1,0.2365,0.1675,0.404,49.653600000000004,1.3206,58,12,318,166,53,113,44.13226584992343,1.1737,53,12,323,167,121,46,44.52829567099567,1.1843,39,11,305,146,116,30,20.885449,0,ok,logs/seed_282842.log
137602,e03z,3,z,baseline_plus_gheft,DHEFT/NHEFT/GHEFT,IRT-only,0.0,0,0,1,0.2299,0.1244,0.3543,47.612,1.022,67,13,322,161,49,112,47.62986473988439,1.0224,61,11,307,164,138,26,48.64294188481676,1.0442,47,10,306,159,136,23,25.865772,0,ok,logs/seed_137602.log
472131,e03z,3,z,baseline_plus_gheft,DHEFT/NHEFT/GHEFT,IRT-only,0.0,0,0,1,0.2129,0.1227,0.3356,51.162400000000005,1.2247,61,12,323,171,46,125,49.53222398094007,1.1857,54,11,328,168,134,34,53.26761799729363,1.2751,48,11,306,167,134,33,22.439383,0,ok,logs/seed_472131.log
327054,e03z,3,z,baseline_plus_gheft,DHEFT/NHEFT/GHEFT,IRT-only,0.0,0,0,1,0.2379,0.1581,0.396,47.0026,1.2336,57,12,326,152,40,112,46.27182018348624,1.2144,53,11,320,157,117,40,42.64834091520861,1.1193,46,8,313,148,125,23,18.373011,0,ok,logs/seed_327054.log
416581,e03z,3,z,baseline_plus_gheft,DHEFT/NHEFT/GHEFT,IRT-only,0.0,0,0,1,0.2224,0.1496,0.372,44.55339999999999,1.0887,63,11,344,163,55,108,48.91009810389611,1.1952,56,11,350,167,121,46,48.62107949790796,1.1881,45,10,344,163,127,36,22.908676,0,ok,logs/seed_416581.log
223716,e03z,3,z,baseline_plus_gheft,DHEFT/NHEFT/GHEFT,IRT-only,0.0,0,0,1,0.2218,0.1739,0.3957,45.96339999999999,1.1964,56,14,365,192,50,142,48.09663333333334,1.2519,59,15,357,198,144,54,48.71875830994153,1.2681,42,12,327,166,135,31,31.569767,0,ok,logs/seed_223716.log
116436,e03z,3,z,baseline_plus_gheft,DHEFT/NHEFT/GHEFT,IRT-only,0.0,0,0,1,0.2334,0.163,0.3964,45.83210000000001,1.2363,62,13,342,196,51,145,42.19915609756097,1.1383,67,15,360,203,151,52,43.1433195338866,1.1638,51,13,348,180,142,38,26.213911,0,ok,logs/seed_116436.log
650936,e03z,3,z,baseline_plus_gheft,DHEFT/NHEFT/GHEFT,IRT-only,0.0,0,0,1,0.2138,0.1861,0.3999,48.19499999999999,1.431,53,13,306,146,48,98,45.5645262274607,1.3529,53,14,295,157,127,30,45.374259368836285,1.3473,39,11,275,146,128,18,22.094872,0,ok,logs/seed_650936.log
516657,e03z,3,z,baseline_plus_gheft,DHEFT/NHEFT/GHEFT,IRT-only,0.0,0,0,1,0.2271,0.1506,0.3777,46.741,1.1579,72,15,343,189,39,150,45.62062721268163,1.1301,63,16,331,188,136,52,59.226790551181125,1.4672,53,13,320,185,156,29,18.56602,0,ok,logs/seed_516657.log
687865,e03z,3,z,baseline_plus_gheft,DHEFT/NHEFT/GHEFT,IRT-only,0.0,0,0,1,0.2136,0.1629,0.3765,48.395799999999994,1.4263,56,14,310,182,57,125,49.29366535303777,1.4527,56,13,321,197,150,47,43.5685077027027,1.284,42,12,301,180,150,30,16.207108,0,ok,logs/seed_687865.log
715106,e03z,3,z,baseline_plus_gheft,DHEFT/NHEFT/GHEFT,IRT-only,0.0,0,0,1,0.2295,0.1339,0.3634,47.227000000000004,1.0975,58,11,333,156,46,110,45.2429651810585,1.0514,58,11,332,170,131,39,50.301430092451234,1.1689,41,9,316,150,128,22,24.072195,0,ok,logs/seed_715106.log
293374,e03z,3,z,baseline_plus_gheft,DHEFT/NHEFT/GHEFT,IRT-only,0.0,0,0,1,0.2289,0.1555,0.3844,42.50900000000001,1.0821,58,11,315,147,47,100,45.92340000000001,1.1691,54,12,311,157,120,37,40.178297513321496,1.0228,48,10,311,153,116,37,17.75099,0,ok,logs/seed_293374.log
658834,e03z,3,z,baseline_plus_gheft,DHEFT/NHEFT/GHEFT,IRT-only,0.0,0,0,1,0.2458,0.1923,0.4381,45.447100000000006,1.3599,51,10,304,147,50,97,41.167014285714295,1.2319,58,15,315,157,106,51,42.802791155668366,1.2808,40,11,318,144,124,20,22.270073,0,ok,logs/seed_658834.log
23329,e03z,3,z,baseline_plus_gheft,DHEFT/NHEFT/GHEFT,IRT-only,0.0,0,0,1,0.2316,0.1239,0.3555,42.3679,1.359,64,14,346,199,44,155,41.38375512465374,1.3275,57,15,346,194,145,49,40.51190461215933,1.2995,54,14,336,192,151,41,19.23869,0,ok,logs/seed_23329.log
661707,e03z,3,z,baseline_plus_gheft,DHEFT/NHEFT/GHEFT,IRT-only,0.0,0,0,1,0.2423,0.1403,0.3826,48.42700000000001,1.0401,63,13,342,193,47,146,48.343458459505555,1.0383,58,13,346,189,144,45,50.01729890109888,1.0743,50,11,325,174,136,38,20.568034,0,ok,logs/seed_661707.log
579773,e03z,3,z,baseline_plus_gheft,DHEFT/NHEFT/GHEFT,IRT-only,0.0,0,0,1,0.2425,0.1728,0.4153,42.189600000000006,1.0651,59,13,309,153,31,122,40.781651077943614,1.0295,56,14,320,175,119,56,48.97449518072288,1.2364,47,10,312,160,128,32,16.6674,0,ok,logs/seed_579773.log
688431,e03z,3,z,baseline_plus_gheft,DHEFT/NHEFT/GHEFT,IRT-only,0.0,0,0,1,0.2216,0.1355,0.3571,58.324099999999994,1.2889,58,12,319,172,50,122,57.087271185334416,1.2615,53,11,328,174,136,38,61.62397259923176,1.3618,44,10,305,151,125,26,24.805999,0,ok,logs/seed_688431.log
735633,e03z,3,z,baseline_plus_gheft,DHEFT/NHEFT/GHEFT,IRT-only,0.0,0,0,1,0.2259,0.1426,0.3685,50.45490000000002,1.157,59,13,327,177,35,142,45.765666136557456,1.0495,61,12,339,199,133,66,55.21591101164145,1.2662,39,10,311,173,134,39,19.497559,0,ok,logs/seed_735633.log
208263,e03z,3,z,baseline_plus_gheft,DHEFT/NHEFT/GHEFT,IRT-only,0.0,0,0,1,0.2226,0.1364,0.359,48.28329999999999,1.1354,56,14,327,185,52,133,45.95381997593261,1.0806,58,15,320,183,136,47,53.24001997593261,1.252,43,12,302,176,144,32,21.213968,0,ok,logs/seed_208263.log
733953,e03z,3,z,baseline_plus_gheft,DHEFT/NHEFT/GHEFT,IRT-only,0.0,0,0,1,0.2324,0.1327,0.3651,47.888,1.1994,64,13,349,192,44,148,43.92013898449611,1.1,64,14,355,206,147,59,46.414924639191284,1.1625,55,12,353,192,139,53,19.480873,0,ok,logs/seed_733953.log
241442,e03z,3,z,baseline_plus_gheft,DHEFT/NHEFT/GHEFT,IRT-only,0.0,0,0,1,0.2191,0.1706,0.3897,45.944599999999994,1.4159,70,14,334,172,38,134,45.42135124114671,1.3998,71,14,344,198,137,61,43.06386764106051,1.3271,53,11,334,177,125,52,20.6205,0,ok,logs/seed_241442.log
665452,e03z,3,z,baseline_plus_gheft,DHEFT/NHEFT/GHEFT,IRT-only,0.0,0,0,1,0.2367,0.1358,0.3725,46.40109999999999,1.0866,57,12,330,173,46,127,45.4056724137931,1.0633,67,11,347,187,133,54,52.21539655172415,1.2228,47,9,315,158,129,29,22.057466,0,ok,logs/seed_665452.log
631051,e03z,3,z,baseline_plus_gheft,DHEFT/NHEFT/GHEFT,IRT-only,0.0,0,0,1,0.2199,0.1412,0.3611,41.934599999999996,1.4442,52,12,326,171,41,130,39.02463221783877,1.344,54,11,324,166,127,39,37.375346075085325,1.2872,49,10,326,146,106,40,18.457403,0,ok,logs/seed_631051.log
497919,e03z,3,z,baseline_plus_gheft,DHEFT/NHEFT/GHEFT,IRT-only,0.0,0,0,1,0.2088,0.1387,0.3475,51.55239999999999,1.2497,61,14,337,189,41,148,44.34201158554032,1.075,55,14,342,181,124,57,46.10014832214766,1.1176,52,13,327,184,129,55,19.519424,0,ok,logs/seed_497919.log
960027,e03z,3,z,baseline_plus_gheft,DHEFT/NHEFT/GHEFT,IRT-only,0.0,0,0,1,0.2451,0.1454,0.3905,43.92429999999999,1.3698,47,9,296,147,41,106,38.626038223938224,1.2046,51,11,294,163,116,47,40.59721690683229,1.266,42,9,279,145,105,40,16.592236,0,ok,logs/seed_960027.log
305476,e03z,3,z,baseline_plus_gheft,DHEFT/NHEFT/GHEFT,IRT-only,0.0,0,0,1,0.2576,0.177,0.4346,48.583,1.0192,68,13,343,189,45,144,49.25148320251178,1.0332,54,11,324,183,139,44,51.85518320251178,1.0878,49,11,314,165,129,36,23.512303,0,ok,logs/seed_305476.log
365837,e03z,3,z,baseline_plus_gheft,DHEFT/NHEFT/GHEFT,IRT-only,0.0,0,0,1,0.2116,0.1394,0.351,52.3231,1.2703,61,12,335,176,46,130,55.3284737718568,1.3433,59,12,334,188,138,50,59.599875675675676,1.447,52,10,317,172,125,47,19.525744,0,ok,logs/seed_365837.log
514986,e03z,3,z,baseline_plus_gheft,DHEFT/NHEFT/GHEFT,IRT-only,0.0,0,0,1,0.2051,0.1759,0.381,58.93289999999999,1.0314,60,14,319,184,34,150,66.18651582733813,1.1584,62,14,325,213,162,51,66.18651582733813,1.1584,48,12,315,180,128,52,17.385452,0,ok,logs/seed_514986.log
291361,e03z,3,z,baseline_plus_gheft,DHEFT/NHEFT/GHEFT,IRT-only,0.0,0,0,1,0.2654,0.1411,0.4065,45.28419999999999,1.1047,60,11,341,164,39,125,48.32329411764707,1.1788,54,12,340,177,134,43,48.32329411764707,1.1788,44,8,303,150,129,21,18.343747,0,ok,logs/seed_291361.log
831040,e03z,3,z,baseline_plus_gheft,DHEFT/NHEFT/GHEFT,IRT-only,0.0,0,0,1,0.2267,0.1303,0.357,49.06190000000001,1.1368,56,12,314,164,50,114,44.52087691342534,1.0316,52,16,325,158,118,40,66.19845867098866,1.5338,43,12,292,155,126,29,16.725843,0,ok,logs/seed_831040.log
900613,e03z,3,z,baseline_plus_gheft,DHEFT/NHEFT/GHEFT,IRT-only,0.0,0,0,1,0.2164,0.1368,0.3532,41.11330000000001,1.0655,74,13,343,186,42,144,40.40932815533981,1.0473,62,14,333,197,140,57,46.26232815533982,1.1989,48,12,327,153,112,41,17.65192,0,ok,logs/seed_900613.log
738426,e03z,3,z,baseline_plus_gheft,DHEFT/NHEFT/GHEFT,IRT-only,0.0,0,0,1,0.2261,0.1545,0.3806,48.94200000000001,1.2193,56,11,346,166,48,118,45.27072831858408,1.1279,58,11,346,186,145,41,49.184051,1.2254,48,11,336,168,136,32,19.163259,0,ok,logs/seed_738426.log
924607,e03z,3,z,baseline_plus_gheft,DHEFT/NHEFT/GHEFT,IRT-only,0.0,0,0,1,0.2341,0.1881,0.4222,41.8869,1.0676,53,12,310,169,48,121,41.80978960573477,1.0657,53,12,327,177,137,40,42.98428076379067,1.0956,50,10,321,164,130,34,20.897266,0,ok,logs/seed_924607.log
461861,e03z,3,z,baseline_plus_gheft,DHEFT/NHEFT/GHEFT,IRT-only,0.0,0,0,1,0.205,0.1462,0.3512,46.550500000000014,1.4132,58,10,306,136,41,95,42.68872390388549,1.296,53,11,312,133,101,32,40.86150476190476,1.2405,39,8,304,116,91,25,16.484823,0,ok,logs/seed_461861.log
854725,e03z,3,z,baseline_plus_gheft,DHEFT/NHEFT/GHEFT,IRT-only,0.0,0,0,1,0.2327,0.1488,0.3815,46.30660000000001,1.2922,57,13,345,187,47,140,43.556962900282215,1.2154,62,15,358,214,149,65,40.667836483870964,1.1348,55,14,357,190,134,56,19.689797,0,ok,logs/seed_854725.log
808927,e03z,3,z,baseline_plus_gheft,DHEFT/NHEFT/GHEFT,IRT-only,0.0,0,0,1,0.2397,0.1925,0.4322,43.815000000000005,1.2398,59,12,336,160,48,112,41.417877892430276,1.172,54,12,323,163,132,31,43.16307866405637,1.2214,44,8,328,148,122,26,21.68976,0,ok,logs/seed_808927.log
826006,e03z,3,z,baseline_plus_gheft,DHEFT/NHEFT/GHEFT,IRT-only,0.0,0,0,1,0.2196,0.1536,0.3732,52.8709,1.2244,60,12,334,176,46,130,45.454341297935095,1.0527,69,14,328,198,146,52,49.40893900709219,1.1443,59,13,323,187,141,46,19.125158,0,ok,logs/seed_826006.log
522333,e03z,3,z,baseline_plus_gheft,DHEFT/NHEFT/GHEFT,IRT-only,0.0,0,0,1,0.2246,0.1862,0.4108,46.75750000000001,1.2577,60,13,324,153,38,115,46.68815574108945,1.2558,61,13,320,166,111,55,47.37100000000001,1.2742,50,11,319,151,104,47,20.184539,0,ok,logs/seed_522333.log
245912,e03z,3,z,baseline_plus_gheft,DHEFT/NHEFT/GHEFT,IRT-only,0.0,0,0,1,0.2418,0.1776,0.4194,52.855199999999996,1.156,59,11,328,155,44,111,52.676690051094894,1.1521,51,10,334,166,127,39,52.74344730831974,1.1535,52,9,323,167,129,38,22.838325,0,ok,logs/seed_245912.log
758389,e03z,3,z,baseline_plus_gheft,DHEFT/NHEFT/GHEFT,IRT-only,0.0,0,0,1,0.2387,0.1523,0.391,43.46679999999999,1.3287,55,12,313,170,47,123,42.75960359453304,1.307,62,14,333,178,129,49,40.848053391799546,1.2486,48,12,315,159,134,25,19.364354,0,ok,logs/seed_758389.log
631363,e03z,3,z,baseline_plus_gheft,DHEFT/NHEFT/GHEFT,IRT-only,0.0,0,0,1,0.2287,0.1498,0.3785,41.895700000000005,1.1275,57,12,321,157,35,122,39.69006641007698,1.0681,57,14,341,179,126,53,43.1773033112583,1.162,49,10,320,171,126,45,20.491287,0,ok,logs/seed_631363.log
766985,e03z,3,z,baseline_plus_gheft,DHEFT/NHEFT/GHEFT,IRT-only,0.0,0,0,1,0.2321,0.1313,0.3634,44.724799999999995,1.1542,55,12,318,170,46,124,44.7515867595819,1.1549,57,12,325,179,118,61,45.0246355608592,1.1619,50,12,307,167,127,40,20.085901,0,ok,logs/seed_766985.log
582309,e03z,3,z,baseline_plus_gheft,DHEFT/NHEFT/GHEFT,IRT-only,0.0,0,0,1,0.2349,0.119,0.3539,45.5247,1.3925,48,8,299,142,40,102,42.5684596377749,1.3021,52,10,304,150,107,43,44.3390323241318,1.3563,44,10,286,136,112,24,13.026576,0,ok,logs/seed_582309.log
846927,e03z,3,z,baseline_plus_gheft,DHEFT/NHEFT/GHEFT,IRT-only,0.0,0,0,1,0.2194,0.1569,0.3763,46.9589,1.3383,57,9,341,156,37,119,44.698052993288584,1.2738,66,15,361,188,112,76,51.17103825503356,1.4583,49,12,356,158,105,53,23.407153,0,ok,logs/seed_846927.log
763059,e03z,3,z,baseline_plus_gheft,DHEFT/NHEFT/GHEFT,IRT-only,0.0,0,0,1,0.2477,0.1688,0.4165,49.964300000000016,1.1936,67,14,331,168,43,125,43.79566253229974,1.0463,63,13,331,177,127,50,57.72608726333907,1.3791,50,10,319,163,121,42,13.479899,0,ok,logs/seed_763059.log
861602,e03z,3,z,baseline_plus_gheft,DHEFT/NHEFT/GHEFT,IRT-only,0.0,0,0,1,0.2611,0.1606,0.4217,42.949999999999996,1.3023,64,13,352,189,42,147,42.915445444444444,1.3013,64,12,348,199,144,55,40.279293974175026,1.2213,59,12,351,188,134,54,22.415605,0,ok,logs/seed_861602.log
631173,e03z,3,z,baseline_plus_gheft,DHEFT/NHEFT/GHEFT,IRT-only,0.0,0,0,1,0.2325,0.1343,0.3668,47.8125,1.1743,62,12,321,168,45,123,43.78393877028181,1.0754,66,14,338,187,139,48,45.291044820224705,1.1124,51,10,313,166,137,29,23.542931,0,ok,logs/seed_631173.log
53408,e03z,3,z,baseline_plus_gheft,DHEFT/NHEFT/GHEFT,IRT-only,0.0,0,0,1,0.2324,0.1631,0.3955,52.0997,1.336,62,12,312,168,49,119,43.114054892199825,1.1056,58,12,314,182,145,37,52.284076779436674,1.3407,48,11,301,157,128,29,21.855602,0,ok,logs/seed_53408.log
328439,e03z,3,z,baseline_plus_gheft,DHEFT/NHEFT/GHEFT,IRT-only,0.0,0,0,1,0.2151,0.1351,0.3502,47.29549999999999,1.32,62,12,319,159,41,118,45.13943142347447,1.2599,56,12,323,165,129,36,46.612389189189194,1.301,47,10,317,145,114,31,19.927332,0,ok,logs/seed_328439.log
1087,e03z,3,z,baseline_plus_gheft,DHEFT/NHEFT/GHEFT,IRT-only,0.0,0,0,1,0.2135,0.1551,0.3686,51.6955,1.2106,71,15,329,175,38,137,48.56076463636364,1.1372,59,14,321,189,140,49,49.02155884469097,1.148,53,13,313,182,138,44,21.187498,0,ok,logs/seed_1087.log
577361,e03z,3,z,baseline_plus_gheft,DHEFT/NHEFT/GHEFT,IRT-only,0.0,0,0,1,0.2451,0.1682,0.4133,42.19029999999999,1.0194,55,13,326,161,49,112,42.77668840579709,1.0336,72,15,334,178,122,56,44.842251724637684,1.0835,58,13,332,167,136,31,18.626813,0,ok,logs/seed_577361.log
72146,e03z,3,z,baseline_plus_gheft,DHEFT/NHEFT/GHEFT,IRT-only,0.0,0,0,1,0.2272,0.1507,0.3779,42.449200000000005,1.2706,66,17,331,200,46,154,39.312666532676815,1.1767,63,14,341,197,151,46,42.766820679886685,1.2801,50,13,333,188,156,32,21.850353,0,ok,logs/seed_72146.log
479068,e03z,3,z,baseline_plus_gheft,DHEFT/NHEFT/GHEFT,IRT-only,0.0,0,0,1,0.1898,0.1365,0.3263,49.61,1.5728,57,14,314,186,31,155,42.482152553930526,1.3468,65,14,312,189,131,58,47.22043764899452,1.497,54,13,318,197,144,53,15.505006,0,ok,logs/seed_479068.log
267093,e03z,3,z,baseline_plus_gheft,DHEFT/NHEFT/GHEFT,IRT-only,0.0,0,0,1,0.1778,0.1234,0.3012,54.51990000000001,1.3551,62,12,333,172,38,134,51.73668767123289,1.2859,59,13,324,168,130,38,52.0821,1.2945,44,11,318,155,130,25,17.193884,0,ok,logs/seed_267093.log
174052,e03z,3,z,baseline_plus_gheft,DHEFT/NHEFT/GHEFT,IRT-only,0.0,0,0,1,0.2073,0.1368,0.3441,43.523500000000006,1.1685,63,11,345,164,48,116,39.85446900198283,1.07,67,14,348,175,129,46,40.130129681978794,1.0774,56,12,335,162,122,40,19.551507,0,ok,logs/seed_174052.log
224195,e03z,3,z,baseline_plus_gheft,DHEFT/NHEFT/GHEFT,IRT-only,0.0,0,0,1,0.1913,0.1176,0.3089,45.259,1.2559,55,9,303,157,34,123,42.20030485985956,1.171,59,11,322,165,116,49,42.652896522388055,1.1836,48,10,301,158,111,47,16.274736,0,ok,logs/seed_224195.log
203906,e03z,3,z,baseline_plus_gheft,DHEFT/NHEFT/GHEFT,IRT-only,0.0,0,0,1,0.2401,0.1683,0.4084,51.2573,1.3477,67,16,322,196,36,160,46.46578173374614,1.2217,71,15,331,207,160,47,53.254658614564825,1.4002,48,12,312,191,152,39,17.935653,0,ok,logs/seed_203906.log
223610,e03z,3,z,baseline_plus_gheft,DHEFT/NHEFT/GHEFT,IRT-only,0.0,0,0,1,0.2118,0.1608,0.3726,40.862400000000015,1.2102,69,13,329,177,44,133,38.38318560311284,1.1367,56,10,339,162,119,43,45.35625874769798,1.3433,45,9,309,149,115,34,16.131544,0,ok,logs/seed_223610.log
765827,e03z,3,z,baseline_plus_gheft,DHEFT/NHEFT/GHEFT,IRT-only,0.0,0,0,1,0.2229,0.1574,0.3803,51.589099999999995,1.2506,63,14,351,189,45,144,48.18219062027231,1.1681,64,16,356,183,132,51,50.20416611195159,1.2171,61,13,362,202,150,52,20.185144,0,ok,logs/seed_765827.log
597825,e03z,3,z,baseline_plus_gheft,DHEFT/NHEFT/GHEFT,IRT-only,0.0,0,0,1,0.2331,0.1574,0.3905,49.85540000000001,1.2009,56,10,318,154,44,110,45.039893227204786,1.0849,51,9,324,151,108,43,46.06898345864662,1.1097,45,8,308,133,109,24,19.676791,0,ok,logs/seed_597825.log
743325,e03z,3,z,baseline_plus_gheft,DHEFT/NHEFT/GHEFT,IRT-only,0.0,0,0,1,0.2271,0.1694,0.3965,43.97119999999999,1.4747,56,13,320,156,33,123,41.18829607843137,1.3813,65,16,332,180,126,54,39.82210509982174,1.3355,44,13,313,147,111,36,19.566234,0,ok,logs/seed_743325.log
459404,e03z,3,z,baseline_plus_gheft,DHEFT/NHEFT/GHEFT,IRT-only,0.0,0,0,1,0.185,0.1255,0.3105,55.8987,1.3267,58,13,333,180,34,146,54.07744332784184,1.2834,61,14,337,199,147,52,59.23736927374302,1.4059,54,12,348,188,126,62,16.629829,0,ok,logs/seed_459404.log
644891,e03z,3,z,baseline_plus_gheft,DHEFT/NHEFT/GHEFT,IRT-only,0.0,0,0,1,0.2324,0.1561,0.3885,54.6001,1.2398,59,12,330,169,45,124,48.787641747572806,1.1079,58,13,337,166,116,50,48.787641747572806,1.1079,49,10,314,149,122,27,19.607897,0,ok,logs/seed_644891.log
112316,e03z,3,z,baseline_plus_gheft,DHEFT/NHEFT/GHEFT,IRT-only,0.0,0,0,1,0.2263,0.1365,0.3628,48.0243,1.23,63,14,338,167,43,124,44.2382,1.133,66,14,357,176,126,50,44.830000000000005,1.1482,50,11,333,154,122,32,19.309808,0,ok,logs/seed_112316.log
708240,e03z,3,z,baseline_plus_gheft,DHEFT/NHEFT/GHEFT,IRT-only,0.0,0,0,1,0.2198,0.1559,0.3757,47.3574,1.1139,56,12,304,176,45,131,46.80609346733667,1.1009,51,12,303,186,140,46,47.155893467336675,1.1092,50,12,320,181,134,47,15.591103,0,ok,logs/seed_708240.log
988612,e03z,3,z,baseline_plus_gheft,DHEFT/NHEFT/GHEFT,IRT-only,0.0,0,0,1,0.2279,0.1174,0.3453,43.89300000000001,1.2369,55,11,319,163,39,124,41.00272452830189,1.1554,63,13,326,169,128,41,46.46407313182201,1.3093,54,12,320,180,137,43,15.156835,0,ok,logs/seed_988612.log
737269,e03z,3,z,baseline_plus_gheft,DHEFT/NHEFT/GHEFT,IRT-only,0.0,0,0,1,0.2427,0.1612,0.4039,47.83460000000001,1.1293,63,13,323,180,41,139,47.83460703363915,1.1293,62,12,333,186,132,54,47.83460703363915,1.1293,48,11,325,190,134,56,17.850749,0,ok,logs/seed_737269.log
670045,e03z,3,z,baseline_plus_gheft,DHEFT/NHEFT/GHEFT,IRT-only,0.0,0,0,1,0.2311,0.1373,0.3684,40.652499999999996,1.1148,57,12,303,158,47,111,41.34605023041474,1.1338,58,13,308,170,123,47,50.07710292825768,1.3733,36,10,304,150,117,33,20.252446,0,ok,logs/seed_670045.log
697981,e03z,3,z,baseline_plus_gheft,DHEFT/NHEFT/GHEFT,IRT-only,0.0,0,0,1,0.2091,0.146,0.3551,42.714600000000004,1.2887,58,9,352,168,50,118,41.069401000000006,1.239,60,11,348,186,142,44,40.4632,1.2207,50,11,324,174,138,36,20.049323,0,ok,logs/seed_697981.log
940926,e03z,3,z,baseline_plus_gheft,DHEFT/NHEFT/GHEFT,IRT-only,0.0,0,0,1,0.2686,0.1782,0.4468,43.627500000000005,1.3165,57,11,324,145,41,104,42.225362353858145,1.2742,57,11,334,163,129,34,46.80171554404144,1.4122,49,11,329,163,132,31,17.532015,0,ok,logs/seed_940926.log
245466,e03z,3,z,baseline_plus_gheft,DHEFT/NHEFT/GHEFT,IRT-only,0.0,0,0,1,0.2541,0.1585,0.4126,56.37639999999998,1.2088,60,12,350,172,44,128,49.1611458072219,1.0541,61,11,344,175,143,32,51.20605117739404,1.098,46,10,319,160,135,25,24.533715,0,ok,logs/seed_245466.log
863385,e03z,3,z,baseline_plus_gheft,DHEFT/NHEFT/GHEFT,IRT-only,0.0,0,0,1,0.2307,0.1248,0.3555,54.5596,1.2771,62,14,334,170,50,120,56.904806451612906,1.332,61,13,326,180,135,45,51.660807728337225,1.2092,48,12,326,172,125,47,17.2444,0,ok,logs/seed_863385.log
502084,e03z,3,z,baseline_plus_gheft,DHEFT/NHEFT/GHEFT,IRT-only,0.0,0,0,1,0.2251,0.1645,0.3896,46.63990000000001,1.0709,66,14,348,183,51,132,44.80484338919926,1.0287,59,11,352,192,145,47,46.15126261355695,1.0597,55,11,352,178,144,34,22.463553,0,ok,logs/seed_502084.log
268333,e03z,3,z,baseline_plus_gheft,DHEFT/NHEFT/GHEFT,IRT-only,0.0,0,0,1,0.2375,0.1224,0.3599,45.3373,1.51,63,14,327,162,47,115,40.71889212598424,1.3562,61,12,328,161,111,50,39.277455646840146,1.3082,41,8,319,136,105,31,17.873499,0,ok,logs/seed_268333.log
889172,e03z,3,z,baseline_plus_gheft,DHEFT/NHEFT/GHEFT,IRT-only,0.0,0,0,1,0.2199,0.1212,0.3411,40.05250000000001,1.0304,54,10,318,144,49,95,40.34716269554753,1.038,53,10,314,156,125,31,41.013962695547534,1.0551,50,10,310,165,133,32,17.799044,0,ok,logs/seed_889172.log
768859,e03z,3,z,baseline_plus_gheft,DHEFT/NHEFT/GHEFT,IRT-only,0.0,0,0,1,0.2188,0.1545,0.3733,49.7126,1.3803,62,15,329,182,45,137,49.42376551724139,1.3723,59,15,339,182,144,38,50.076665517241395,1.3904,47,11,327,183,155,28,17.599185,0,ok,logs/seed_768859.log
108511,e03z,3,z,baseline_plus_gheft,DHEFT/NHEFT/GHEFT,IRT-only,0.0,0,0,1,0.2261,0.1637,0.3898,44.843399999999995,1.3629,63,14,341,169,41,128,40.17186769983688,1.2209,62,13,363,194,132,62,45.04737325102881,1.3691,48,10,339,162,132,30,24.012427,0,ok,logs/seed_108511.log
828273,e03z,3,z,baseline_plus_gheft,DHEFT/NHEFT/GHEFT,IRT-only,0.0,0,0,1,0.22,0.1341,0.3541,42.64900000000001,1.0949,56,12,335,159,51,108,40.4194683521851,1.0376,54,11,329,169,136,33,40.83562154794521,1.0483,47,10,324,157,131,26,15.875364,0,ok,logs/seed_828273.log
932667,e03z,3,z,baseline_plus_gheft,DHEFT/NHEFT/GHEFT,IRT-only,0.0,0,0,1,0.2094,0.1285,0.3379,42.83709999999999,1.3738,57,15,302,178,36,142,37.30549537953796,1.1964,62,17,321,195,132,63,37.18813101920236,1.1926,47,15,292,171,129,42,18.106456,0,ok,logs/seed_932667.log
245421,e03z,3,z,baseline_plus_gheft,DHEFT/NHEFT/GHEFT,IRT-only,0.0,0,0,1,0.217,0.1358,0.3528,49.13249999999999,1.3571,54,13,303,162,42,120,42.19046397440585,1.1653,61,15,319,174,113,61,44.86074874774775,1.2391,44,13,301,166,120,46,15.677042,0,ok,logs/seed_245421.log
678641,e03z,3,z,baseline_plus_gheft,DHEFT/NHEFT/GHEFT,IRT-only,0.0,0,0,1,0.2501,0.1418,0.3919,48.86649999999999,1.1104,67,12,334,175,37,138,49.12246879432623,1.1162,75,16,339,186,125,61,49.49894625492773,1.1248,52,15,320,182,132,50,20.064451,0,ok,logs/seed_678641.log
935125,e03z,3,z,baseline_plus_gheft,DHEFT/NHEFT/GHEFT,IRT-only,0.0,0,0,1,0.2428,0.1696,0.4124,48.8491,1.1415,64,14,340,174,41,133,51.22015393258426,1.1969,68,14,340,204,144,60,61.44925393258428,1.436,50,12,331,174,128,46,21.554219,0,ok,logs/seed_935125.log
605287,e03z,3,z,baseline_plus_gheft,DHEFT/NHEFT/GHEFT,IRT-only,0.0,0,0,1,0.2359,0.1695,0.4054,50.472400000000015,1.2833,61,10,314,155,41,114,46.610951,1.1851,57,11,317,168,124,44,47.40209811320753,1.2052,45,10,311,143,111,32,21.49559,0,ok,logs/seed_605287.log
241117,e03z,3,z,baseline_plus_gheft,DHEFT/NHEFT/GHEFT,IRT-only,0.0,0,0,1,0.2557,0.1308,0.3865,49.5703,1.062,60,14,357,171,47,124,50.95734112808461,1.0917,63,14,340,185,139,46,62.9396411280846,1.3484,61,12,336,171,138,33,22.316868,0,ok,logs/seed_241117.log
137693,e03z,3,z,baseline_plus_gheft,DHEFT/NHEFT/GHEFT,IRT-only,0.0,0,0,1,0.1918,0.1467,0.3385,55.0027,1.6569,66,15,346,191,35,156,47.91663909523808,1.4434,64,15,351,194,141,53,48.343229447388346,1.4563,53,15,353,194,141,53,25.68243,0,ok,logs/seed_137693.log
519815,e03z,3,z,baseline_plus_gheft,DHEFT/NHEFT/GHEFT,IRT-only,0.0,0,0,1,0.2414,0.1521,0.3935,49.7499,1.2785,54,10,315,156,48,108,48.269638223938216,1.2405,54,10,337,160,133,27,48.29754817374517,1.2412,45,9,314,150,127,23,16.115779,0,ok,logs/seed_519815.log
825689,e03z,3,z,baseline_plus_gheft,DHEFT/NHEFT/GHEFT,IRT-only,0.0,0,0,1,0.2289,0.1348,0.3637,46.910799999999995,1.1192,66,15,345,197,36,161,46.12537101631116,1.1005,65,15,342,202,150,52,46.758971016311165,1.1156,49,14,328,180,139,41,16.106225,0,ok,logs/seed_825689.log
266300,e03z,3,z,baseline_plus_gheft,DHEFT/NHEFT/GHEFT,IRT-only,0.0,0,0,1,0.2429,0.1418,0.3847,40.724500000000006,1.1425,58,12,326,158,49,109,39.842363636363636,1.1178,54,13,328,159,130,29,40.90792853598014,1.1477,46,12,329,169,134,35,20.980312,0,ok,logs/seed_266300.log
353884,e03z,3,z,baseline_plus_gheft,DHEFT/NHEFT/GHEFT,IRT-only,0.0,0,0,1,0.2311,0.1631,0.3942,50.93760000000002,1.1196,53,10,317,143,33,110,49.08090000000001,1.0788,55,10,334,159,106,53,68.19901634241245,1.499,38,9,307,137,101,36,15.366683,0,ok,logs/seed_353884.log
141574,e03z,3,z,baseline_plus_gheft,DHEFT/NHEFT/GHEFT,IRT-only,0.0,0,0,1,0.2245,0.1122,0.3367,50.796400000000006,1.104,60,13,344,178,49,129,50.26217816091955,1.0924,62,14,366,189,122,67,51.01504912643679,1.1087,53,12,336,178,134,44,20.92376,0,ok,logs/seed_141574.log
211351,e03z,3,z,baseline_plus_gheft,DHEFT/NHEFT/GHEFT,IRT-only,0.0,0,0,1,0.2352,0.1481,0.3833,47.645,1.1286,54,11,338,169,48,121,46.84763924050632,1.1097,52,9,339,164,132,32,46.84763924050632,1.1097,50,10,330,180,139,41,18.051901,0,ok,logs/seed_211351.log
64745,e03z,3,z,baseline_plus_gheft,DHEFT/NHEFT/GHEFT,IRT-only,0.0,0,0,1,0.1937,0.1135,0.3072,54.00489999999999,1.0883,57,10,334,166,51,115,50.67463773584906,1.0211,51,10,340,171,135,36,55.781695339622644,1.1241,47,8,327,167,134,33,18.742968,0,ok,logs/seed_64745.log
827551,e03z,3,z,baseline_plus_gheft,DHEFT/NHEFT/GHEFT,IRT-only,0.0,0,0,1,0.2434,0.1811,0.4245,56.753099999999996,1.2726,61,14,300,169,49,120,55.56535589988079,1.246,52,13,295,165,131,34,62.78855589988081,1.408,41,11,287,151,135,16,19.676214,0,ok,logs/seed_827551.log
236634,e03z,3,z,baseline_plus_gheft,DHEFT/NHEFT/GHEFT,IRT-only,0.0,0,0,1,0.2311,0.1488,0.3799,45.3217,1.272,61,13,311,161,44,117,43.51299596888654,1.2212,64,14,319,178,135,43,45.68832101258652,1.2823,53,13,315,183,147,36,17.891202,0,ok,logs/seed_236634.log
554061,e03z,3,z,baseline_plus_gheft,DHEFT/NHEFT/GHEFT,IRT-only,0.0,0,0,1,0.2229,0.143,0.3659,48.3118,1.112,50,11,302,141,34,107,45.3793404736842,1.0445,54,11,319,154,99,55,49.700760526315776,1.144,39,11,297,145,108,37,17.237284,0,ok,logs/seed_554061.log
473253,e03z,3,z,baseline_plus_gheft,DHEFT/NHEFT/GHEFT,IRT-only,0.0,0,0,1,0.2023,0.1177,0.32,48.1308,1.2467,53,12,295,169,39,130,43.256961038961045,1.1204,50,12,313,160,113,47,51.57826233766232,1.336,41,11,295,151,113,38,17.395758,0,ok,logs/seed_473253.log
397414,e03z,3,z,baseline_plus_gheft,DHEFT/NHEFT/GHEFT,IRT-only,0.0,0,0,1,0.2375,0.1897,0.4272,51.9014,1.4638,68,13,357,183,51,132,48.219760456273775,1.36,75,12,364,207,144,63,52.172869014084505,1.4715,62,11,355,176,138,38,22.810345,0,ok,logs/seed_397414.log
237902,e03z,3,z,baseline_plus_gheft,DHEFT/NHEFT/GHEFT,IRT-only,0.0,0,0,1,0.2267,0.1294,0.3561,43.49529999999999,1.1995,62,14,324,178,47,131,39.996359004827035,1.103,57,12,319,162,122,40,41.53135346985212,1.1453,51,11,311,154,119,35,18.12776,0,ok,logs/seed_237902.log
57519,e03z,3,z,baseline_plus_gheft,DHEFT/NHEFT/GHEFT,IRT-only,0.0,0,0,1,0.2071,0.1273,0.3344,42.9813,1.3141,56,9,324,147,36,111,39.79999993478992,1.2169,57,10,332,167,119,48,48.72541492109039,1.4898,45,10,322,138,104,34,20.414464,0,ok,logs/seed_57519.log
505780,e03z,3,z,baseline_plus_gheft,DHEFT/NHEFT/GHEFT,IRT-only,0.0,0,0,1,0.2495,0.1368,0.3863,46.820499999999996,1.1168,58,12,312,170,43,127,43.47600581859669,1.037,54,13,321,170,117,53,44.839638820638825,1.0696,49,12,303,170,132,38,18.493854,0,ok,logs/seed_505780.log
353215,e03z,3,z,baseline_plus_gheft,DHEFT/NHEFT/GHEFT,IRT-only,0.0,0,0,1,0.1825,0.118,0.3005,51.211299999999994,1.2715,58,11,329,177,38,139,47.02743049421086,1.1676,55,13,325,162,112,50,49.05251981981982,1.2179,55,12,333,173,123,50,16.651953,0,ok,logs/seed_353215.log
60194,e03z,3,z,baseline_plus_gheft,DHEFT/NHEFT/GHEFT,IRT-only,0.0,0,0,1,0.2327,0.1455,0.3782,44.6494,1.4641,75,13,350,173,43,130,45.12115714285714,1.4796,67,12,340,176,135,41,45.12115714285714,1.4796,53,12,333,168,130,38,20.889993,0,ok,logs/seed_60194.log
21327,e03z,3,z,baseline_plus_gheft,DHEFT/NHEFT/GHEFT,IRT-only,0.0,0,0,1,0.2274,0.1305,0.3579,53.5083,1.1211,48,10,307,149,45,104,49.5115,1.0373,51,10,327,162,127,35,50.7334,1.0629,45,10,326,170,134,36,20.606968,0,ok,logs/seed_21327.log
551141,e03z,3,z,baseline_plus_gheft,DHEFT/NHEFT/GHEFT,IRT-only,0.0,0,0,1,0.2191,0.1164,0.3355,45.648900000000005,1.2779,53,10,295,155,45,110,40.52021781472684,1.1344,54,11,307,171,127,44,46.181699999999985,1.2928,42,8,294,152,129,23,15.064713,0,ok,logs/seed_551141.log
504483,e03z,3,z,baseline_plus_gheft,DHEFT/NHEFT/GHEFT,IRT-only,0.0,0,0,1,0.228,0.1661,0.3941,43.85439999999999,1.4598,60,13,315,162,45,117,36.783585210526326,1.2244,60,14,320,167,127,40,39.588473584905664,1.3178,47,11,310,147,122,25,19.878431,0,ok,logs/seed_504483.log
50984,e03z,3,z,baseline_plus_gheft,DHEFT/NHEFT/GHEFT,IRT-only,0.0,0,0,1,0.2141,0.133,0.3471,50.017900000000004,1.0454,65,16,347,177,46,131,50.608291735537186,1.0577,59,12,328,176,142,34,50.608291735537186,1.0577,54,12,331,168,148,20,19.990345,0,ok,logs/seed_50984.log
145299,e03z,3,z,baseline_plus_gheft,DHEFT/NHEFT/GHEFT,IRT-only,0.0,0,0,1,0.2364,0.1535,0.3899,46.42339999999999,1.2159,55,11,325,170,36,134,42.14085397418631,1.1037,65,15,317,174,116,58,46.552196296296295,1.2192,48,11,311,144,109,35,18.549627,0,ok,logs/seed_145299.log
933274,e03z,3,z,baseline_plus_gheft,DHEFT/NHEFT/GHEFT,IRT-only,0.0,0,0,1,0.2164,0.1257,0.3421,52.08190000000001,1.0843,62,13,323,182,41,141,51.90073457249071,1.0806,62,14,348,189,135,54,59.14444301075268,1.2314,52,13,332,189,144,45,21.873695,0,ok,logs/seed_933274.log
321337,e03z,3,z,baseline_plus_gheft,DHEFT/NHEFT/GHEFT,IRT-only,0.0,0,0,1,0.2585,0.1689,0.4274,44.5018,1.5927,59,11,322,164,39,125,42.05267131011609,1.5051,60,12,329,162,102,60,43.03338126533997,1.5402,53,11,325,168,127,41,17.923037,0,ok,logs/seed_321337.log
181404,e03z,3,z,baseline_plus_gheft,DHEFT/NHEFT/GHEFT,IRT-only,0.0,0,0,1,0.235,0.17,0.405,49.6606,1.3698,60,11,332,172,34,138,42.54138714524207,1.1734,63,12,355,189,127,62,54.172836842105255,1.4943,51,10,320,173,131,42,17.635023,0,ok,logs/seed_181404.log
3899,e03z,3,z,baseline_plus_gheft,DHEFT/NHEFT/GHEFT,IRT-only,0.0,0,0,1,0.2222,0.1482,0.3704,51.88349999999999,1.0365,63,13,318,168,49,119,51.37737021630615,1.0264,56,12,315,176,142,34,56.45174309484193,1.1277,46,11,309,166,139,27,18.158845,0,ok,logs/seed_3899.log
494958,e03z,3,z,baseline_plus_gheft,DHEFT/NHEFT/GHEFT,IRT-only,0.0,0,0,1,0.2577,0.1811,0.4388,47.933699999999995,1.2084,66,12,313,178,38,140,46.28535387263338,1.1668,62,12,317,184,121,63,46.28535387263338,1.1668,53,11,318,170,118,52,18.07518,0,ok,logs/seed_494958.log
970507,e03z,3,z,baseline_plus_gheft,DHEFT/NHEFT/GHEFT,IRT-only,0.0,0,0,1,0.1988,0.1427,0.3415,43.586,1.1598,58,14,323,195,45,150,41.384283415435135,1.1012,67,15,330,207,154,53,42.7689302134647,1.1381,50,14,318,190,151,39,18.159828,0,ok,logs/seed_970507.log
705866,e03z,3,z,baseline_plus_gheft,DHEFT/NHEFT/GHEFT,IRT-only,0.0,0,0,1,0.2247,0.1587,0.3834,48.0281,1.1272,57,12,324,187,40,147,48.10521972076789,1.129,60,14,312,186,128,58,50.99898155802862,1.1969,54,13,316,175,129,46,23.923073,0,ok,logs/seed_705866.log
296343,e03z,3,z,baseline_plus_gheft,DHEFT/NHEFT/GHEFT,IRT-only,0.0,0,0,1,0.2481,0.1434,0.3915,46.766200000000005,1.403,60,10,329,151,47,104,50.02216961325967,1.5007,57,13,323,171,124,47,47.88614444444444,1.4366,44,11,304,162,121,41,17.802144,0,ok,logs/seed_296343.log
586398,e03z,3,z,baseline_plus_gheft,DHEFT/NHEFT/GHEFT,IRT-only,0.0,0,0,1,0.2153,0.108,0.3233,49.42089999999999,1.2503,57,13,343,202,45,157,46.28338405891127,1.1709,54,14,355,208,157,51,44.897484723727,1.1358,47,13,350,191,150,41,18.452635,0,ok,logs/seed_586398.log
378648,e03z,3,z,baseline_plus_gheft,DHEFT/NHEFT/GHEFT,IRT-only,0.0,0,0,1,0.2369,0.171,0.4079,40.9275,1.2475,57,12,309,166,52,114,39.33588065707434,1.199,52,12,308,164,139,25,40.85026289308177,1.2451,46,11,299,154,129,25,16.814995,0,ok,logs/seed_378648.log
531966,e03z,3,z,baseline_plus_gheft,DHEFT/NHEFT/GHEFT,IRT-only,0.0,0,0,1,0.2386,0.1398,0.3784,37.6092,1.2516,60,12,320,172,51,121,35.500154609929076,1.1814,59,13,321,176,142,34,35.82621665995525,1.1922,49,12,311,155,133,22,18.445819,0,ok,logs/seed_531966.log
596361,e03z,3,z,baseline_plus_gheft,DHEFT/NHEFT/GHEFT,IRT-only,0.0,0,0,1,0.2151,0.1332,0.3483,42.7115,1.1544,62,15,342,193,45,148,39.415093511759935,1.0653,53,14,345,182,134,48,40.9903,1.1079,48,11,333,178,143,35,22.053407,0,ok,logs/seed_596361.log
60220,e03z,3,z,baseline_plus_gheft,DHEFT/NHEFT/GHEFT,IRT-only,0.0,0,0,1,0.2324,0.1251,0.3575,44.4327,1.2413,58,11,328,150,37,113,40.272734333333325,1.1251,61,13,331,161,106,55,44.49209178743962,1.243,44,9,310,133,97,36,17.444063,0,ok,logs/seed_60220.log
189568,e03z,3,z,baseline_plus_gheft,DHEFT/NHEFT/GHEFT,IRT-only,0.0,0,0,1,0.2225,0.1779,0.4004,46.781800000000004,1.1053,58,11,337,158,41,117,45.93889411764706,1.0854,67,13,324,177,133,44,46.42279511764706,1.0968,52,12,317,167,130,37,21.638307,0,ok,logs/seed_189568.log
151000,e03z,3,z,baseline_plus_gheft,DHEFT/NHEFT/GHEFT,IRT-only,0.0,0,0,1,0.2125,0.1267,0.3392,57.87789999999999,1.2209,55,13,312,173,47,126,57.690035168738895,1.217,51,11,317,166,135,31,60.48606808009423,1.276,42,10,307,151,124,27,12.291427,0,ok,logs/seed_151000.log
72402,e03z,3,z,baseline_plus_gheft,DHEFT/NHEFT/GHEFT,IRT-only,0.0,0,0,1,0.2165,0.1619,0.3784,45.273300000000006,1.0836,62,14,322,170,52,118,45.45943318016571,1.088,60,12,327,164,129,35,42.530253893026405,1.0179,51,10,308,157,133,24,15.173421,0,ok,logs/seed_72402.log
983055,e03z,3,z,baseline_plus_gheft,DHEFT/NHEFT/GHEFT,IRT-only,0.0,0,0,1,0.2341,0.1503,0.3844,42.72469999999999,1.1632,58,11,332,159,36,123,42.21452684766215,1.1493,51,10,338,158,120,38,41.120282608695646,1.1195,47,8,329,169,134,35,19.049563,0,ok,logs/seed_983055.log
538582,e03z,3,z,baseline_plus_gheft,DHEFT/NHEFT/GHEFT,IRT-only,0.0,0,0,1,0.2316,0.1368,0.3684,44.87479999999999,1.1951,53,12,309,131,40,91,47.70274339622642,1.2704,52,11,305,131,100,31,53.767525760397255,1.4319,45,10,312,150,116,34,18.765796,0,ok,logs/seed_538582.log
934509,e03z,3,z,baseline_plus_gheft,DHEFT/NHEFT/GHEFT,IRT-only,0.0,0,0,1,0.2344,0.1563,0.3907,50.0214,1.2389,65,13,341,165,49,116,49.31396016260164,1.2214,56,12,339,160,125,35,51.11576016260162,1.266,48,10,317,159,132,27,24.840527,0,ok,logs/seed_934509.log
220410,e03z,3,z,baseline_plus_gheft,DHEFT/NHEFT/GHEFT,IRT-only,0.0,0,0,1,0.2385,0.1186,0.3571,43.30139999999999,1.33,55,10,309,144,49,95,40.156895506493505,1.2334,51,11,317,158,130,28,42.24525017088174,1.2976,46,9,314,154,132,22,16.024046,0,ok,logs/seed_220410.log
755547,e03z,3,z,baseline_plus_gheft,DHEFT/NHEFT/GHEFT,IRT-only,0.0,0,0,1,0.2671,0.1708,0.4379,48.39120000000001,1.1598,57,15,316,161,40,121,43.63713761119516,1.0459,55,12,326,165,114,51,43.29015970149254,1.0376,45,12,310,144,105,39,21.099422,0,ok,logs/seed_755547.log
682666,e03z,3,z,baseline_plus_gheft,DHEFT/NHEFT/GHEFT,IRT-only,0.0,0,0,1,0.1897,0.1176,0.3073,49.90729999999999,1.3896,64,13,312,180,38,142,44.95908347529813,1.2518,62,14,336,199,129,70,42.839069230769226,1.1928,49,14,317,180,127,53,18.559047,0,ok,logs/seed_682666.log
707759,e03z,3,z,baseline_plus_gheft,DHEFT/NHEFT/GHEFT,IRT-only,0.0,0,0,1,0.2145,0.1472,0.3617,50.001699999999985,1.1945,65,16,318,184,49,135,46.83603262642742,1.1188,72,15,337,198,131,67,50.836589115252345,1.2144,48,11,318,155,129,26,20.797749,0,ok,logs/seed_707759.log
472298,e03z,3,z,baseline_plus_gheft,DHEFT/NHEFT/GHEFT,IRT-only,0.0,0,0,1,0.206,0.129,0.335,44.0798,1.2371,58,13,322,180,47,133,40.576821362799265,1.1388,55,13,333,176,141,35,45.444797959183674,1.2755,46,11,313,162,126,36,18.363679,0,ok,logs/seed_472298.log
842827,e03z,3,z,baseline_plus_gheft,DHEFT/NHEFT/GHEFT,IRT-only,0.0,0,0,1,0.2434,0.1468,0.3902,40.24450000000001,1.0648,62,11,334,164,41,123,42.694499298737725,1.1296,62,12,332,168,108,60,42.250955527318936,1.1179,56,12,330,156,112,44,21.630637,0,ok,logs/seed_842827.log
598514,e03z,3,z,baseline_plus_gheft,DHEFT/NHEFT/GHEFT,IRT-only,0.0,0,0,1,0.2658,0.1551,0.4209,48.3142,1.1855,57,12,327,173,50,123,46.37545428186109,1.1379,55,13,332,170,130,40,45.010496110210696,1.1044,51,13,323,171,142,29,20.5296,0,ok,logs/seed_598514.log
985883,e03z,3,z,baseline_plus_gheft,DHEFT/NHEFT/GHEFT,IRT-only,0.0,0,0,1,0.2097,0.123,0.3327,43.3331,1.0843,57,11,306,140,41,99,40.85073474903474,1.0222,60,13,319,159,120,39,43.70643161856963,1.0937,46,12,298,155,128,27,20.944226,0,ok,logs/seed_985883.log
595328,e03z,3,z,baseline_plus_gheft,DHEFT/NHEFT/GHEFT,IRT-only,0.0,0,0,1,0.2175,0.1483,0.3658,48.5331,1.0988,64,11,341,159,39,120,52.53782781047766,1.1894,61,10,353,166,122,44,53.2617076923077,1.2058,53,11,346,162,130,32,20.513104,0,ok,logs/seed_595328.log
238922,e03z,3,z,baseline_plus_gheft,DHEFT/NHEFT/GHEFT,IRT-only,0.0,0,0,1,0.2286,0.1397,0.3683,46.87,1.2834,62,10,348,161,49,112,45.49085957161982,1.2457,65,11,346,169,132,37,43.2097607305936,1.1832,51,10,329,153,120,33,17.76952,0,ok,logs/seed_238922.log
469556,e03z,3,z,baseline_plus_gheft,DHEFT/NHEFT/GHEFT,IRT-only,0.0,0,0,1,0.2152,0.1361,0.3513,53.5242,1.2861,65,11,331,167,56,111,45.92227371364319,1.1034,66,12,333,170,144,26,50.728412621359226,1.2189,43,10,307,152,126,26,17.90976,0,ok,logs/seed_469556.log
108225,e03z,3,z,baseline_plus_gheft,DHEFT/NHEFT/GHEFT,IRT-only,0.0,0,0,1,0.2223,0.1463,0.3686,47.699999999999996,1.0386,62,15,316,168,50,118,46.88417590272659,1.0209,59,13,314,158,130,28,48.70027590272661,1.0604,47,12,314,150,136,14,15.537863,0,ok,logs/seed_108225.log
899644,e03z,3,z,baseline_plus_gheft,DHEFT/NHEFT/GHEFT,IRT-only,0.0,0,0,1,0.218,0.1589,0.3769,48.6991,1.1483,56,12,318,177,29,148,48.37883283358321,1.1407,57,12,336,193,130,63,53.018732833583215,1.2501,56,13,338,190,130,60,16.573115,0,ok,logs/seed_899644.log
885107,e03z,3,z,baseline_plus_gheft,DHEFT/NHEFT/GHEFT,IRT-only,0.0,0,0,1,0.2467,0.1841,0.4308,52.14009999999999,1.1514,55,10,333,155,44,111,48.00613753618031,1.0601,61,11,338,164,132,32,51.875149228944245,1.1456,51,11,321,166,133,33,29.121108,0,ok,logs/seed_885107.log
624803,e03z,3,z,baseline_plus_gheft,DHEFT/NHEFT/GHEFT,IRT-only,0.0,0,0,1,0.2221,0.1251,0.3472,48.8906,1.0989,56,11,317,164,45,119,47.7347935579782,1.0729,59,14,339,191,141,50,48.44668137108793,1.0889,42,13,317,166,123,43,19.988798,0,ok,logs/seed_624803.log
412384,e03z,3,z,baseline_plus_gheft,DHEFT/NHEFT/GHEFT,IRT-only,0.0,0,0,1,0.2145,0.147,0.3615,41.7486,1.2031,58,12,331,163,32,131,37.35765644955301,1.0765,60,13,338,160,106,54,37.339810569105694,1.076,52,12,338,159,115,44,19.770698,0,ok,logs/seed_412384.log
534437,e03z,3,z,baseline_plus_gheft,DHEFT/NHEFT/GHEFT,IRT-only,0.0,0,0,1,0.2331,0.1685,0.4016,47.8244,1.1445,55,12,326,168,38,130,43.5883946619217,1.0431,50,11,319,157,117,40,45.633384901253805,1.0921,50,11,322,160,117,43,18.712143,0,ok,logs/seed_534437.log
28388,e03z,3,z,baseline_plus_gheft,DHEFT/NHEFT/GHEFT,IRT-only,0.0,0,0,1,0.2322,0.1555,0.3877,44.89999999999999,1.2608,55,12,317,162,41,121,40.6507876059818,1.1415,50,10,310,170,138,32,45.340409090909084,1.2732,38,8,316,151,123,28,17.419128,0,ok,logs/seed_28388.log
480416,e03z,3,z,baseline_plus_gheft,DHEFT/NHEFT/GHEFT,IRT-only,0.0,0,0,1,0.2262,0.1491,0.3753,46.658500000000004,1.0917,55,12,325,173,42,131,47.41572380038387,1.1094,59,12,321,168,115,53,47.23281131541725,1.1052,47,11,326,172,132,40,17.86365,0,ok,logs/seed_480416.log
6523,e03z,3,z,baseline_plus_gheft,DHEFT/NHEFT/GHEFT,IRT-only,0.0,0,0,1,0.2238,0.1767,0.4005,59.458700000000015,1.3127,55,13,315,163,41,122,47.96252558718243,1.0589,60,14,323,180,125,55,61.37058815411157,1.355,53,10,322,177,134,43,19.246205,0,ok,logs/seed_6523.log
875492,e03z,3,z,baseline_plus_gheft,DHEFT/NHEFT/GHEFT,IRT-only,0.0,0,0,1,0.2206,0.1396,0.3602,45.874100000000006,1.2704,59,12,331,157,40,117,42.102685667215816,1.166,67,13,332,171,120,51,46.90001115537848,1.2988,50,11,318,154,124,30,18.949084,0,ok,logs/seed_875492.log
445144,e03z,3,z,baseline_plus_gheft,DHEFT/NHEFT/GHEFT,IRT-only,0.0,0,0,1,0.2425,0.1425,0.385,43.2529,1.1448,61,12,333,168,43,125,41.507536114503814,1.0986,70,14,329,191,128,63,47.33294783715013,1.2528,52,12,329,181,136,45,21.975631,0,ok,logs/seed_445144.log
178145,e03z,3,z,baseline_plus_gheft,DHEFT/NHEFT/GHEFT,IRT-only,0.0,0,0,1,0.2066,0.1748,0.3814,52.1115,1.2428,66,15,351,196,40,156,51.64518406374501,1.2317,68,14,354,190,127,63,51.4643587689243,1.2274,57,12,337,175,121,54,17.446571,0,ok,logs/seed_178145.log
496478,e03z,3,z,baseline_plus_gheft,DHEFT/NHEFT/GHEFT,IRT-only,0.0,0,0,1,0.222,0.1425,0.3645,47.81040000000001,1.0921,54,11,324,168,37,131,47.327673240802675,1.0811,58,13,331,181,126,55,47.76698127090301,1.0912,52,12,316,170,134,36,18.154045,0,ok,logs/seed_496478.log
239617,e03z,3,z,baseline_plus_gheft,DHEFT/NHEFT/GHEFT,IRT-only,0.0,0,0,1,0.2234,0.1394,0.3628,44.0276,1.2698,62,13,332,164,54,110,42.128146082950785,1.215,58,11,341,171,128,43,39.628665027322405,1.1429,44,9,329,155,126,29,21.31787,0,ok,logs/seed_239617.log
473997,e03z,3,z,baseline_plus_gheft,DHEFT/NHEFT/GHEFT,IRT-only,0.0,0,0,1,0.2135,0.1362,0.3497,44.9153,1.1333,62,13,318,175,40,135,47.35310808770775,1.1948,64,14,339,184,133,51,43.18703974151858,1.0897,48,11,334,170,131,39,21.036771,0,ok,logs/seed_473997.log
229225,e03z,3,z,baseline_plus_gheft,DHEFT/NHEFT/GHEFT,IRT-only,0.0,0,0,1,0.2499,0.1919,0.4418,51.642399999999995,1.0981,54,12,319,163,41,122,49.559275458712094,1.0538,59,14,313,183,132,51,52.72206040100251,1.121,47,10,304,171,125,46,16.231059,0,ok,logs/seed_229225.log
254791,e03z,3,z,baseline_plus_gheft,DHEFT/NHEFT/GHEFT,IRT-only,0.0,0,0,1,0.2193,0.1641,0.3834,46.8552,1.331,67,13,348,185,48,137,43.09091937716263,1.224,62,12,350,178,134,44,42.14857516778524,1.1973,53,11,326,151,127,24,23.151466,0,ok,logs/seed_254791.log
966201,e03z,3,z,baseline_plus_gheft,DHEFT/NHEFT/GHEFT,IRT-only,0.0,0,0,1,0.261,0.2069,0.4679,44.71949999999999,1.3801,53,10,311,145,47,98,38.661336387673956,1.1931,53,11,327,158,118,40,39.55763655705994,1.2208,41,10,321,151,114,37,16.825253,0,ok,logs/seed_966201.log
533361,e03z,3,z,baseline_plus_gheft,DHEFT/NHEFT/GHEFT,IRT-only,0.0,0,0,1,0.2114,0.1419,0.3533,49.2458,1.2011,62,12,356,176,49,127,43.577046936114726,1.0628,65,14,341,166,115,51,43.933278184991266,1.0715,54,13,328,169,131,38,20.371748,0,ok,logs/seed_533361.log
872306,e03z,3,z,baseline_plus_gheft,DHEFT/NHEFT/GHEFT,IRT-only,0.0,0,0,1,0.2249,0.1146,0.3395,47.17629999999998,1.5612,60,13,334,184,45,139,41.785849853372426,1.3828,66,15,340,186,142,44,46.990940438871476,1.555,47,12,326,167,119,48,17.077104,0,ok,logs/seed_872306.log
444933,e03z,3,z,baseline_plus_gheft,DHEFT/NHEFT/GHEFT,IRT-only,0.0,0,0,1,0.236,0.1888,0.4248,48.7521,1.0043,53,13,325,163,49,114,49.10868979907265,1.0116,51,11,337,179,132,47,49.92900967184802,1.0285,46,10,333,179,140,39,18.096358,0,ok,logs/seed_444933.log
456356,e03z,3,z,baseline_plus_gheft,DHEFT/NHEFT/GHEFT,IRT-only,0.0,0,0,1,0.2134,0.1611,0.3745,44.9485,1.0809,64,14,342,174,40,134,48.0921,1.1565,60,13,338,176,135,41,62.879771830985916,1.512,55,11,327,177,137,40,20.55241,0,ok,logs/seed_456356.log
853702,e03z,3,z,baseline_plus_gheft,DHEFT/NHEFT/GHEFT,IRT-only,0.0,0,0,1,0.238,0.1532,0.3912,49.79199999999999,1.367,61,14,335,173,50,123,50.195879425837326,1.3781,61,13,361,199,142,57,50.226279425837326,1.3789,51,12,329,185,144,41,23.262398,0,ok,logs/seed_853702.log
176967,e03z,3,z,baseline_plus_gheft,DHEFT/NHEFT/GHEFT,IRT-only,0.0,0,0,1,0.2014,0.1398,0.3412,47.7107,1.264,64,14,344,187,46,141,47.52722162162162,1.2591,61,14,329,180,137,43,45.65190165126417,1.2094,48,11,331,152,118,34,19.581612,0,ok,logs/seed_176967.log
33347,e03z,3,z,baseline_plus_gheft,DHEFT/NHEFT/GHEFT,IRT-only,0.0,0,0,1,0.2115,0.139,0.3505,47.9236,1.3169,59,11,320,178,45,133,42.86076472795497,1.1777,53,12,307,170,132,38,46.342394977168944,1.2734,53,11,313,174,137,37,16.250679,0,ok,logs/seed_33347.log
411283,e03z,3,z,baseline_plus_gheft,DHEFT/NHEFT/GHEFT,IRT-only,0.0,0,0,1,0.2383,0.165,0.4033,45.05689999999999,1.4665,55,13,333,158,45,113,40.748560975609756,1.3263,57,12,321,168,123,45,38.359576182481746,1.2485,49,10,322,157,121,36,22.654794,0,ok,logs/seed_411283.log
81911,e03z,3,z,baseline_plus_gheft,DHEFT/NHEFT/GHEFT,IRT-only,0.0,0,0,1,0.2459,0.16,0.4059,46.24720000000001,1.2686,64,13,337,172,48,124,39.18711983614088,1.075,61,14,343,176,107,69,43.47292907423581,1.1925,51,13,340,169,122,47,20.076121,0,ok,logs/seed_81911.log
956925,e03z,3,z,baseline_plus_gheft,DHEFT/NHEFT/GHEFT,IRT-only,0.0,0,0,1,0.2078,0.1128,0.3206,48.22689999999999,1.0878,54,12,331,162,45,117,49.22428212974296,1.1103,55,12,320,166,127,39,55.45462129742962,1.2508,47,12,318,177,146,31,20.919016,0,ok,logs/seed_956925.log
362804,e03z,3,z,baseline_plus_gheft,DHEFT/NHEFT/GHEFT,IRT-only,0.0,0,0,1,0.2089,0.1475,0.3564,45.87639999999999,1.4667,55,13,309,174,43,131,41.7212395,1.3339,60,14,308,180,128,52,42.75143864363404,1.3668,46,13,292,171,139,32,17.131291,0,ok,logs/seed_362804.log
728140,e03z,3,z,baseline_plus_gheft,DHEFT/NHEFT/GHEFT,IRT-only,0.0,0,0,1,0.233,0.1732,0.4062,44.63340000000001,1.1887,55,11,334,167,48,119,40.82750821649484,1.0873,53,12,338,177,146,31,39.042308216494845,1.0398,39,9,324,150,125,25,19.170539,0,ok,logs/seed_728140.log
554565,e03z,3,z,baseline_plus_gheft,DHEFT/NHEFT/GHEFT,IRT-only,0.0,0,0,1,0.2518,0.149,0.4008,49.62129999999999,1.2184,59,11,324,159,47,112,44.49825540640932,1.0926,61,15,324,176,143,33,44.69731966496723,1.0975,53,13,323,166,133,33,21.937262,0,ok,logs/seed_554565.log
392733,e03z,3,z,baseline_plus_gheft,DHEFT/NHEFT/GHEFT,IRT-only,0.0,0,0,1,0.2298,0.1562,0.386,41.943099999999994,1.1695,66,13,352,168,46,122,41.0679222034384,1.1451,60,12,348,167,121,46,42.4716,1.1843,50,10,339,166,125,41,21.376787,0,ok,logs/seed_392733.log
769066,e03z,3,z,baseline_plus_gheft,DHEFT/NHEFT/GHEFT,IRT-only,0.0,0,0,1,0.2347,0.1507,0.3854,45.030800000000006,1.1875,62,16,345,198,55,143,41.864659847844464,1.104,63,15,341,191,154,37,44.0181333374341,1.1608,53,12,322,173,149,24,25.27862,0,ok,logs/seed_769066.log
925520,e03z,3,z,baseline_plus_gheft,DHEFT/NHEFT/GHEFT,IRT-only,0.0,0,0,1,0.2048,0.1494,0.3542,50.4008,1.2487,55,13,330,172,48,124,44.97523245889594,1.1143,52,12,335,181,143,38,48.068756574923555,1.191,46,10,336,167,136,31,22.829505,0,ok,logs/seed_925520.log
4410,e03z,3,z,baseline_plus_gheft,DHEFT/NHEFT/GHEFT,IRT-only,0.0,0,0,1,0.2316,0.1565,0.3881,46.644800000000004,1.2804,65,12,336,169,44,125,44.6819766400981,1.2266,65,12,337,183,134,49,49.8072570977918,1.3673,56,11,312,162,121,41,18.060585,0,ok,logs/seed_4410.log
729459,e03z,3,z,baseline_plus_gheft,DHEFT/NHEFT/GHEFT,IRT-only,0.0,0,0,1,0.2217,0.1139,0.3356,43.832699999999996,1.0577,57,12,331,187,51,136,43.656299824253075,1.0535,63,14,324,185,141,44,44.235899824253075,1.0674,47,11,317,176,132,44,18.569886,0,ok,logs/seed_729459.log
179329,e03z,3,z,baseline_plus_gheft,DHEFT/NHEFT/GHEFT,IRT-only,0.0,0,0,1,0.2271,0.1209,0.348,46.6534,1.4888,54,11,307,151,43,108,41.77865883890578,1.3333,61,12,309,172,138,34,40.13728269720102,1.2809,47,11,312,161,128,33,21.681398,0,ok,logs/seed_179329.log
282114,e03z,3,z,baseline_plus_gheft,DHEFT/NHEFT/GHEFT,IRT-only,0.0,0,0,1,0.2309,0.1158,0.3467,43.936299999999996,1.2214,62,16,320,170,51,119,42.782545161290315,1.1893,51,13,322,171,129,42,42.30145208581645,1.176,48,11,303,155,131,24,19.09048,0,ok,logs/seed_282114.log
583172,e03z,3,z,baseline_plus_gheft,DHEFT/NHEFT/GHEFT,IRT-only,0.0,0,0,1,0.2371,0.1377,0.3748,46.16680000000001,1.2109,69,14,341,181,43,138,40.24805320417288,1.0557,67,13,340,190,137,53,41.48052155059133,1.088,52,12,334,169,128,41,24.572925,0,ok,logs/seed_583172.log
534010,e03z,3,z,baseline_plus_gheft,DHEFT/NHEFT/GHEFT,IRT-only,0.0,0,0,1,0.2152,0.1562,0.3714,47.5385,1.2676,62,15,355,194,44,150,47.99414172989378,1.2797,61,13,345,195,145,50,50.50813333333333,1.3468,50,11,342,169,143,26,18.490808,0,ok,logs/seed_534010.log
824110,e03z,3,z,baseline_plus_gheft,DHEFT/NHEFT/GHEFT,IRT-only,0.0,0,0,1,0.188,0.1177,0.3057,47.4239,1.2299,62,11,336,176,43,133,44.37987465783822,1.1509,57,12,329,180,134,46,47.0372457106274,1.2198,45,11,316,166,132,34,19.307157,0,ok,logs/seed_824110.log
897704,e03z,3,z,baseline_plus_gheft,DHEFT/NHEFT/GHEFT,IRT-only,0.0,0,0,1,0.2114,0.1492,0.3606,54.80210000000002,1.2749,60,14,324,164,40,124,47.917432704402515,1.1147,59,14,325,155,114,41,52.22173531786216,1.2148,48,12,329,164,127,37,19.042062,0,ok,logs/seed_897704.log
226589,e03z,3,z,baseline_plus_gheft,DHEFT/NHEFT/GHEFT,IRT-only,0.0,0,0,1,0.2249,0.1443,0.3692,44.127900000000004,1.1023,57,11,325,170,55,115,41.888090346083786,1.0463,62,14,336,193,151,42,43.04975064539006,1.0754,45,13,315,181,152,29,21.095568,0,ok,logs/seed_226589.log
481886,e03z,3,z,baseline_plus_gheft,DHEFT/NHEFT/GHEFT,IRT-only,0.0,0,0,1,0.2147,0.1486,0.3633,47.033199999999994,1.4603,62,10,311,153,45,108,39.869260317460316,1.2379,65,12,328,162,114,48,40.50548209854605,1.2576,50,11,307,141,96,45,17.349318,0,ok,logs/seed_481886.log
982251,e03z,3,z,baseline_plus_gheft,DHEFT/NHEFT/GHEFT,IRT-only,0.0,0,0,1,0.1936,0.1419,0.3355,46.0027,1.123,55,10,301,142,38,104,42.184894502228815,1.0298,58,12,311,149,112,37,49.34859930795849,1.2046,44,10,296,146,119,27,17.043063,0,ok,logs/seed_982251.log
543181,e03z,3,z,baseline_plus_gheft,DHEFT/NHEFT/GHEFT,IRT-only,0.0,0,0,1,0.2083,0.1309,0.3392,47.4059,1.396,61,12,335,165,50,115,44.78022777903683,1.3187,60,13,322,151,110,41,44.33367984733293,1.3056,48,13,306,158,127,31,21.660102,0,ok,logs/seed_543181.log
397234,e03z,3,z,baseline_plus_gheft,DHEFT/NHEFT/GHEFT,IRT-only,0.0,0,0,1,0.2158,0.1337,0.3495,46.1284,1.2183,60,12,343,170,47,123,41.17304966442953,1.0874,68,15,345,176,114,62,48.98574966442953,1.2937,54,13,345,169,117,52,24.383702,0,ok,logs/seed_397234.log
973889,e03z,3,z,baseline_plus_gheft,DHEFT/NHEFT/GHEFT,IRT-only,0.0,0,0,1,0.2011,0.122,0.3231,51.14469999999999,1.1059,66,14,343,188,42,146,51.14465871313673,1.1059,62,13,342,175,129,46,66.12675871313671,1.4298,51,11,322,154,117,37,21.969618,0,ok,logs/seed_973889.log
110682,e03z,3,z,baseline_plus_gheft,DHEFT/NHEFT/GHEFT,IRT-only,0.0,0,0,1,0.2105,0.1366,0.3471,68.2482,1.1285,57,10,301,160,40,120,65.49058511345646,1.0829,64,11,325,185,139,46,69.92904573438872,1.1563,46,10,316,167,139,28,15.911313,0,ok,logs/seed_110682.log
663813,e03z,3,z,baseline_plus_gheft,DHEFT/NHEFT/GHEFT,IRT-only,0.0,0,0,1,0.2015,0.1347,0.3362,50.62089999999999,1.3095,63,11,309,155,42,113,44.52012637362637,1.1517,63,12,318,169,127,42,55.27916622073578,1.43,46,11,306,149,117,32,18.460808,0,ok,logs/seed_663813.log
895348,e03z,3,z,baseline_plus_gheft,DHEFT/NHEFT/GHEFT,IRT-only,0.0,0,0,1,0.2047,0.1364,0.3411,51.61019999999999,1.4664,60,11,333,161,39,122,51.14667777777777,1.4533,55,13,329,160,114,46,46.89848752037618,1.3326,52,13,317,175,126,49,19.228583,0,ok,logs/seed_895348.log
840905,e03z,3,z,baseline_plus_gheft,DHEFT/NHEFT/GHEFT,IRT-only,0.0,0,0,1,0.245,0.1531,0.3981,47.006499999999996,1.1112,58,12,320,173,44,129,44.80145056179776,1.0591,56,13,315,164,132,32,46.797432735426,1.1063,45,11,313,177,136,41,18.079995,0,ok,logs/seed_840905.log
366120,e03z,3,z,baseline_plus_gheft,DHEFT/NHEFT/GHEFT,IRT-only,0.0,0,0,1,0.2295,0.1556,0.3851,45.555200000000006,1.0428,58,14,331,183,37,146,44.75048180085348,1.0243,57,13,323,180,130,50,66.43628961038962,1.5207,49,11,296,162,130,32,17.160341,0,ok,logs/seed_366120.log
873087,e03z,3,z,baseline_plus_gheft,DHEFT/NHEFT/GHEFT,IRT-only,0.0,0,0,1,0.2236,0.1086,0.3322,42.63269999999999,1.0826,57,14,303,174,43,131,42.11812027103331,1.0695,52,13,308,172,137,35,42.84944229543039,1.0881,45,12,289,172,144,28,18.003696,0,ok,logs/seed_873087.log
333017,e03z,3,z,baseline_plus_gheft,DHEFT/NHEFT/GHEFT,IRT-only,0.0,0,0,1,0.2214,0.1496,0.371,42.4466,1.1124,55,12,302,150,39,111,39.717518127786036,1.0409,57,14,305,160,109,51,43.61450000000001,1.143,49,11,309,136,98,38,15.425401,0,ok,logs/seed_333017.log
479679,e03z,3,z,baseline_plus_gheft,DHEFT/NHEFT/GHEFT,IRT-only,0.0,0,0,1,0.2372,0.1278,0.365,43.34390000000001,1.3657,63,13,340,172,42,130,38.76218737507349,1.2214,55,12,331,176,122,54,43.12360000000001,1.3588,45,11,324,157,123,34,17.377378,0,ok,logs/seed_479679.log
547920,e03z,3,z,baseline_plus_gheft,DHEFT/NHEFT/GHEFT,IRT-only,0.0,0,0,1,0.23,0.133,0.363,45.901,1.2086,57,9,333,147,38,109,39.7309824120603,1.0461,53,10,328,149,102,47,48.27128040201005,1.271,45,9,321,142,103,39,17.038549,0,ok,logs/seed_547920.log
397055,e03z,3,z,baseline_plus_gheft,DHEFT/NHEFT/GHEFT,IRT-only,0.0,0,0,1,0.2487,0.1686,0.4173,47.474000000000004,1.2638,61,14,337,188,34,154,48.94265956917978,1.3029,65,15,349,203,156,47,49.654659569179785,1.3218,56,13,339,189,138,51,19.158932,0,ok,logs/seed_397055.log
255407,e03z,3,z,baseline_plus_gheft,DHEFT/NHEFT/GHEFT,IRT-only,0.0,0,0,1,0.2311,0.1484,0.3795,46.09139999999999,1.1385,53,12,325,179,48,131,43.69678885625774,1.0793,58,13,337,187,145,42,49.98091514324694,1.2345,48,13,314,178,140,38,17.765951,0,ok,logs/seed_255407.log
529276,e03z,3,z,baseline_plus_gheft,DHEFT/NHEFT/GHEFT,IRT-only,0.0,0,0,1,0.2239,0.1583,0.3822,47.2199,1.3301,63,13,331,161,41,120,42.087544534412956,1.1855,68,13,354,185,125,60,41.07597125506072,1.157,58,11,334,164,121,43,18.538511,0,ok,logs/seed_529276.log
772641,e03z,3,z,baseline_plus_gheft,DHEFT/NHEFT/GHEFT,IRT-only,0.0,0,0,1,0.2284,0.1362,0.3646,47.53,1.2452,63,14,343,172,37,135,41.55443630179345,1.0886,70,14,342,197,152,45,41.81053929128016,1.0953,51,12,331,174,138,36,23.479805,0,ok,logs/seed_772641.log
452290,e03z,3,z,baseline_plus_gheft,DHEFT/NHEFT/GHEFT,IRT-only,0.0,0,0,1,0.2122,0.115,0.3272,46.5795,1.3084,55,11,309,165,47,118,44.74999551476794,1.257,52,11,323,149,105,44,48.44063536895674,1.3607,40,9,313,145,114,31,16.605194,0,ok,logs/seed_452290.log
70730,e03z,3,z,baseline_plus_gheft,DHEFT/NHEFT/GHEFT,IRT-only,0.0,0,0,1,0.2354,0.159,0.3944,44.2072,1.336,56,11,327,163,40,123,39.85315,1.2044,60,12,343,184,134,50,42.43370476190476,1.2824,48,10,318,157,127,30,21.138731,0,ok,logs/seed_70730.log
29523,e03z,3,z,baseline_plus_gheft,DHEFT/NHEFT/GHEFT,IRT-only,0.0,0,0,1,0.2342,0.1603,0.3945,47.871599999999994,1.4619,52,12,320,172,46,126,43.89290036305733,1.3404,60,14,313,188,141,47,46.05734777070062,1.4065,47,13,315,173,129,44,15.57325,0,ok,logs/seed_29523.log
580005,e03z,3,z,baseline_plus_gheft,DHEFT/NHEFT/GHEFT,IRT-only,0.0,0,0,1,0.226,0.115,0.341,49.6964,1.2094,58,12,325,164,40,124,46.610346555323595,1.1343,61,13,338,153,113,40,43.40692428042327,1.0563,49,12,328,150,118,32,25.450196,0,ok,logs/seed_580005.log
273040,e03z,3,z,baseline_plus_gheft,DHEFT/NHEFT/GHEFT,IRT-only,0.0,0,0,1,0.2376,0.1366,0.3742,45.755,1.0739,58,13,324,175,54,121,46.323396682464455,1.0872,48,12,314,155,132,23,46.24947692307692,1.0855,44,10,312,159,128,31,16.176673,0,ok,logs/seed_273040.log
333143,e03z,3,z,baseline_plus_gheft,DHEFT/NHEFT/GHEFT,IRT-only,0.0,0,0,1,0.2272,0.1588,0.386,53.1336,1.0444,52,12,308,148,46,102,63.21551304347825,1.2425,50,9,306,150,121,29,63.21551304347825,1.2425,38,9,290,137,116,21,17.760623,0,ok,logs/seed_333143.log
6027,e03z,3,z,baseline_plus_gheft,DHEFT/NHEFT/GHEFT,IRT-only,0.0,0,0,1,0.1971,0.1076,0.3047,52.489700000000006,1.1967,56,12,351,191,47,144,47.31088479657387,1.0786,60,14,365,187,136,51,47.40043940042826,1.0807,50,13,348,191,148,43,16.796286,0,ok,logs/seed_6027.log
802904,e03z,3,z,baseline_plus_gheft,DHEFT/NHEFT/GHEFT,IRT-only,0.0,0,0,1,0.2156,0.1223,0.3379,49.5648,1.1956,60,11,342,179,47,132,46.685759536585365,1.1261,57,12,347,172,123,49,49.8765902626132,1.2031,53,11,338,175,134,41,20.929058,0,ok,logs/seed_802904.log
495402,e03z,3,z,baseline_plus_gheft,DHEFT/NHEFT/GHEFT,IRT-only,0.0,0,0,1,0.2136,0.1392,0.3528,49.5679,1.1075,63,13,338,195,41,154,48.460460377358494,1.0828,61,14,331,189,138,51,49.611660377358476,1.1085,50,12,325,179,139,40,15.823875,0,ok,logs/seed_495402.log
385502,e03z,3,z,baseline_plus_gheft,DHEFT/NHEFT/GHEFT,IRT-only,0.0,0,0,1,0.2766,0.1784,0.455,41.860899999999994,1.1043,67,12,346,181,44,137,40.39426724960255,1.0656,58,14,348,177,124,53,41.9597490956211,1.1069,53,11,340,180,129,51,19.089083,0,ok,logs/seed_385502.log
847050,e03z,3,z,baseline_plus_gheft,DHEFT/NHEFT/GHEFT,IRT-only,0.0,0,0,1,0.2089,0.1456,0.3545,46.22489999999999,1.1963,54,10,319,151,45,106,43.226560950530036,1.1187,54,11,316,163,127,36,50.15494329896908,1.298,47,11,306,152,122,30,9.438542,0,ok,logs/seed_847050.log
386832,e03z,3,z,baseline_plus_gheft,DHEFT/NHEFT/GHEFT,IRT-only,0.0,0,0,1,0.2158,0.1764,0.3922,47.4161,1.3368,56,11,314,164,49,115,42.48556604336223,1.1978,54,12,334,155,112,43,43.63044511162432,1.2301,56,13,318,174,134,40,10.862231,0,ok,logs/seed_386832.log
325099,e03z,3,z,baseline_plus_gheft,DHEFT/NHEFT/GHEFT,IRT-only,0.0,0,0,1,0.2402,0.1478,0.388,46.543800000000005,1.003,55,11,319,143,39,104,47.363360997067446,1.0207,52,12,314,152,117,35,47.207560997067446,1.0173,44,9,307,152,130,22,8.243287,0,ok,logs/seed_325099.log
23707,e03z,3,z,baseline_plus_gheft,DHEFT/NHEFT/GHEFT,IRT-only,0.0,0,0,1,0.2021,0.17,0.3721,50.9998,1.3656,62,13,331,182,33,149,48.30447196819085,1.2935,68,12,364,196,128,68,47.239871968190855,1.265,58,11,328,161,109,52,9.353505,0,ok,logs/seed_23707.log
